# HyperBlend compliance
# ------------------------------------------------------------------------
# 
# ------------------------------------------------------------------------
# Valoya AP67 spectra digitized with WebPlotDigitizer https://apps.automeris.io/wpd/
# 
# ------------------------------------------------------------------------
# Spectral unit: Wavelength[nm]
# Radiance unit: Spectral irradiance [W/m2/nm]
# Wave/freq Total Sun Earth
379.12663755458516 0.0031250000000000444
387.8602620087336 0.005208333333333481
395.50218340611355 0.006250000000000089
403.5807860262008 0.008333333333333304
412.31441048034935 0.011458333333333348
419.3013100436681 0.023958333333333526
423.88646288209605 0.03750000000000031
428.0349344978166 0.060416666666666785
431.528384279476 0.08750000000000013
434.5851528384279 0.12708333333333344
437.6419213973799 0.1708333333333335
439.6069868995633 0.2177083333333334
441.5720524017467 0.26145833333333346
443.1004366812227 0.30833333333333357
444.410480349345 0.3593750000000002
445.0655021834061 0.40104166666666685
446.5938864628821 0.44791666666666674
447.2489082969432 0.4927083333333335
448.12227074235807 0.5364583333333335
448.9956331877729 0.5760416666666668
449.86899563318775 0.6156250000000001
451.17903930131 0.64375
452.4890829694323 0.6531250000000002
454.23580786026196 0.6500000000000001
454.89082969432314 0.6406250000000002
455.76419213973793 0.6197916666666667
456.2008733624454 0.5937500000000001
457.07423580786025 0.5666666666666669
457.29257641921396 0.5354166666666668
458.1659388646288 0.49583333333333346
459.25764192139735 0.4510416666666668
460.7860262008734 0.39375000000000016
462.7510917030568 0.3343750000000002
466.24454148471614 0.27708333333333346
469.3013100436681 0.2343750000000001
472.35807860262 0.19062500000000004
474.9781659388646 0.15312500000000007
477.5982532751092 0.12604166666666683
479.7816593886463 0.11354166666666676
482.83842794759823 0.1072916666666669
486.768558951965 0.10520833333333346
491.35371179039294 0.10520833333333346
496.5938864628821 0.11458333333333348
501.83406113537114 0.1312500000000002
507.2925764192139 0.14479166666666687
512.9694323144105 0.1562500000000001
519.0829694323144 0.16666666666666674
524.759825327511 0.17291666666666683
531.7467248908297 0.18020833333333341
538.9519650655021 0.1864583333333335
545.938864628821 0.19166666666666676
553.7991266375545 0.19895833333333346
561.8777292576419 0.20625000000000016
569.7379912663755 0.2187500000000001
575.8515283842794 0.22812500000000002
582.4017467248908 0.24479166666666674
588.5152838427947 0.26770833333333355
594.1921397379913 0.2947916666666669
597.9039301310042 0.3187500000000002
601.6157205240174 0.34895833333333337
605.5458515283842 0.3885416666666669
609.2576419213974 0.4281250000000002
613.6244541484716 0.4833333333333335
617.5545851528384 0.5416666666666667
620.8296943231442 0.5927083333333335
624.1048034934497 0.6447916666666668
627.1615720524017 0.6875000000000002
630.4366812227074 0.7427083333333334
634.3668122270742 0.8010416666666669
638.296943231441 0.8520833333333335
642.6637554585152 0.9000000000000001
647.9039301310044 0.9437500000000001
651.6157205240174 0.9666666666666668
655.1091703056768 0.9781250000000001
659.6943231441048 0.9812500000000002
662.9694323144104 0.9781250000000001
666.8995633187772 0.9656250000000002
670.3930131004366 0.9510416666666668
674.3231441048035 0.9260416666666669
677.5982532751091 0.8979166666666668
680.4366812227074 0.8708333333333335
683.2751091703055 0.8437500000000001
687.2052401746724 0.8062500000000001
690.6986899563319 0.7666666666666668
694.4104803493449 0.7239583333333335
698.3406113537117 0.6791666666666668
701.6157205240174 0.6385416666666668
705.1091703056768 0.6020833333333335
708.3842794759825 0.5645833333333334
711.0043668122271 0.5343750000000002
714.2794759825327 0.5000000000000001
717.5545851528384 0.46458333333333346
721.0480349344978 0.4302083333333334
726.0698689956331 0.38437500000000013
730.6550218340611 0.34583333333333355
735.4585152838426 0.3052083333333335
741.1353711790392 0.2656250000000002
749.2139737991266 0.2166666666666669
755.5458515283842 0.18333333333333346
763.1877729257642 0.1479166666666667
769.7379912663755 0.12395833333333339
776.2882096069868 0.10312500000000013
782.6200873362445 0.08541666666666692
786.1135371179039 0.078125
789.3886462882095 0.07916666666666683
