# HyperBlend compliance
# ------------------------------------------------------------------------
# Radiance spectrum
# NASA-GSFC Planetary Spectrum Generator (PSG) (Villanueva et al. 2018, 2022)
# Synthesized on Fri Apr 8 09:27:36 2022
# Doppler velocities [km/s] (vobs,vrot+vorb,vwidth,vrfl,vstr): 0.00000,0.00000,0.00000,-0.00210,0.00000
# ------------------------------------------------------------------------
# Spectra synthesized with the Planetary and Universal Model of Atmospheric Scattering (PUMAS, Villanueva et al. 2018, 2022)
# Single scattering radiative transfer method
# ------------------------------------------------------------------------
# Spectral unit: Wavelength[nm]
# Radiance unit: Spectral irradiance [W/m2/nm]
# Wave/freq Total Sun Earth
400.0 1.0245133000000002
401.0 0.99099442
402.0 1.0656771
403.0 1.0002141
404.0 1.0813178
405.0 0.9973869
406.0 0.9829645400000001
407.0 0.98898843
408.0 1.0417273
409.0 1.1676416
410.0 0.95132961
411.0 1.1580095
412.0 1.1895301999999999
413.0 1.1076262
414.0 1.112704
415.0 1.179864
416.0 1.1960539000000001
417.0 1.1307847
418.0 1.1317955
419.0 1.1400002999999999
420.0 0.97598002
421.0 1.2107780000000001
422.0 1.165901
423.0 1.0090881
424.0 1.0548053
425.0 1.0986657
426.0 1.0844614
427.0 1.0043318
428.0 1.0561016
429.0 0.95842206
430.0 0.74748111
431.0 0.69100375
432.0 1.2145721
433.0 1.1220881
434.0 1.049288
435.0 1.1432449999999998
436.0 1.2711577
437.0 1.2538217999999999
438.0 1.1139534000000002
439.0 1.1476294
440.0 1.2329548
441.0 1.2390893
442.0 1.2745423
443.0 1.2905606
444.0 1.2962912
445.0 1.3684840999999999
446.0 1.231503
447.0 1.3938998
448.0 1.4100697
449.0 1.4299072000000002
450.0 1.4858299
451.0 1.5751029
452.0 1.4759113
453.0 1.3499664
454.0 1.4631198
455.0 1.4674772
456.0 1.5030751
457.0 1.525116
458.0 1.4652137
459.0 1.5123725
460.0 1.4636891
461.0 1.5264133
462.0 1.5092679
463.0 1.5050696000000001
464.0 1.513165
465.0 1.4936524
466.0 1.5311187
467.0 1.4873077000000001
468.0 1.5669888
469.0 1.544969
470.0 1.4730253
471.0 1.48209
472.0 1.5493454
473.0 1.5360321
474.0 1.5461038
475.0 1.5966145
476.0 1.5550029
477.0 1.5568327
478.0 1.6173290999999999
479.0 1.5418935
480.0 1.5806634
481.0 1.5681834
482.0 1.6000635
483.0 1.606963
484.0 1.540953
485.0 1.5483369
486.0 1.2523574000000002
487.0 1.4286629
488.0 1.5392435
489.0 1.4266044
490.0 1.6267716
491.0 1.5246557
492.0 1.4510446
493.0 1.5740127
494.0 1.550988
495.0 1.6255157999999998
496.0 1.5930020999999999
497.0 1.540097
498.0 1.4830139999999998
499.0 1.5053747000000002
500.0 1.4958639
501.0 1.4462872
502.0 1.4582123999999999
503.0 1.5139296
504.0 1.3464947999999999
505.0 1.5282163
506.0 1.5973636
507.0 1.5023900000000001
508.0 1.4453227
509.0 1.5717751000000002
510.0 1.5232437
511.0 1.5479538
512.0 1.6009449
513.0 1.4819959
514.0 1.4617441
515.0 1.4833278
516.0 1.5519061
517.0 1.1465522000000001
518.0 1.3543929000000001
519.0 1.4197264
520.0 1.4719843000000001
521.0 1.486644
522.0 1.5408623000000001
523.0 1.4406265
524.0 1.5494616
525.0 1.5277555999999999
526.0 1.4542367
527.0 1.3081080999999999
528.0 1.5221780000000003
529.0 1.5956171
530.0 1.4885376000000001
531.0 1.6210367
532.0 1.5425041000000002
533.0 1.350497
534.0 1.4852448999999999
535.0 1.5074372
536.0 1.6045448
537.0 1.4902449
538.0 1.5670597
539.0 1.5522766
540.0 1.4923185
541.0 1.3968671
542.0 1.5146214
543.0 1.4819276000000001
544.0 1.557479
545.0 1.5292244000000002
546.0 1.4848131
547.0 1.5552236000000002
548.0 1.4634083
549.0 1.5161859
550.0 1.5151590000000001
551.0 1.4933121
552.0 1.5658612
553.0 1.5045344
554.0 1.5491738000000002
555.0 1.5577056
556.0 1.5119571
557.0 1.4798934
558.0 1.5263354
559.0 1.4436356000000001
560.0 1.458449
561.0 1.5923291
562.0 1.4517794
563.0 1.5370318
564.0 1.5070023000000001
565.0 1.5219441
566.0 1.3972175
567.0 1.5088757000000002
568.0 1.4774248
569.0 1.4256332
570.0 1.4463639000000001
571.0 1.4093728
572.0 1.4732537
573.0 1.4996862000000002
574.0 1.4867288
575.0 1.4544171
576.0 1.4406161
577.0 1.4864803
578.0 1.455078
579.0 1.4525754
580.0 1.5057277
581.0 1.4891725
582.0 1.5079006
583.0 1.5279294
584.0 1.5188509
585.0 1.5039116
586.0 1.4453912
587.0 1.4748934
588.0 1.3701610000000002
589.0 1.1250842
590.0 1.1871779
591.0 1.3187388000000002
592.0 1.2662143000000001
593.0 1.3538223
594.0 1.2731523
595.0 1.2929115999999998
596.0 1.3774932
597.0 1.3799206
598.0 1.3802565
599.0 1.3839289000000001
600.0 1.4223358000000001
601.0 1.4252155
602.0 1.4213103
603.0 1.4481300000000001
604.0 1.4893
605.0 1.4885694
606.0 1.4757651
607.0 1.4677879
608.0 1.4596098
609.0 1.4491277
610.0 1.4354848
611.0 1.4503848000000001
612.0 1.4335256
613.0 1.4156415
614.0 1.3659043
615.0 1.4295695000000002
616.0 1.3561968
617.0 1.3772366999999999
618.0 1.4430484
619.0 1.4199161999999999
620.0 1.44862
621.0 1.4519119
622.0 1.4105127
623.0 1.4039529
624.0 1.3920202
625.0 1.3633057
626.0 1.3736255000000002
627.0 1.3755118
628.0 1.306707
629.0 1.3704716000000001
630.0 1.3414571000000002
631.0 1.3988248
632.0 1.2852774999999999
633.0 1.401673
634.0 1.3610571
635.0 1.3886646
636.0 1.3449602
637.0 1.3941717000000002
638.0 1.4160139
639.0 1.3998414000000001
640.0 1.3745624
641.0 1.3852384
642.0 1.3712076
643.0 1.3892426
644.0 1.3763557000000002
645.0 1.3860420999999998
646.0 1.2910327
647.0 1.261907
648.0 1.2172132999999998
649.0 1.2775978000000001
650.0 1.2556928
651.0 1.3476202000000002
652.0 1.2333172
653.0 1.3324398000000002
654.0 1.3602852
655.0 1.2744912
656.0 1.0841851
657.0 1.2089651
658.0 1.3337606000000002
659.0 1.3431937
660.0 1.3375532
661.0 1.3656534999999999
662.0 1.3963374
663.0 1.3652915
664.0 1.3665671
665.0 1.3704538
666.0 1.3740881999999999
667.0 1.3682155
668.0 1.3654656
669.0 1.3885239
670.0 1.3686391000000002
671.0 1.358577
672.0 1.3561718
673.0 1.3650757000000002
674.0 1.3669403
675.0 1.3479472000000001
676.0 1.3740054
677.0 1.3445745
678.0 1.3653723
679.0 1.3463071
680.0 1.3458406
681.0 1.3368832
682.0 1.3424318000000002
683.0 1.3443517
684.0 1.3138211
685.0 1.3464872
686.0 1.2793369
687.0 0.88160271
688.0 1.1595556999999999
689.0 1.0973625
690.0 1.1401192000000002
691.0 1.2015651
692.0 1.1959744
693.0 1.0590711
694.0 0.95391834
695.0 1.0722444
696.0 1.0435363
697.0 1.231773
698.0 1.1848993
699.0 1.088729
700.0 1.1138575000000002
701.0 1.0404077999999999
702.0 1.0778412000000002
703.0 1.1025315
704.0 1.1169104
705.0 1.1006543
706.0 1.1586259
707.0 1.1622752
708.0 1.1790632
709.0 1.1828974
710.0 1.1850646
711.0 1.185279
712.0 1.1988910000000002
713.0 1.1557128
714.0 1.1913556
715.0 1.0742558
716.0 1.097701
717.0 0.74468985
718.0 0.67017556
719.0 0.57673213
720.0 0.55662767
721.0 0.82666013
722.0 1.0334976999999999
723.0 0.8595655400000001
724.0 0.67572805
725.0 0.77719061
726.0 0.74625181
727.0 0.8629190099999999
728.0 0.68754287
729.0 0.66290903
730.0 0.81611789
731.0 0.73478978
732.0 0.85628318
733.0 0.9818455800000001
734.0 1.0967912
735.0 1.0344472
736.0 0.9843171300000001
737.0 1.0032302
738.0 1.0953487
739.0 1.0324643000000002
740.0 1.1164082000000002
741.0 1.0923958
742.0 1.1152685
743.0 1.1701563000000001
744.0 1.1693479
745.0 1.1620139
746.0 1.1766402
747.0 1.1917627
748.0 1.1791395
749.0 1.1802843
750.0 1.1640007
751.0 1.1548053
752.0 1.1765738
753.0 1.1690396
754.0 1.1850752
755.0 1.1789757
756.0 1.1550586
757.0 1.1626934000000002
758.0 1.1601383
759.0 1.1326568
760.0 0.24383569
761.0 0.20800629
762.0 0.71843089
763.0 0.38332533
764.0 0.49564424
765.0 0.72037095
766.0 0.77682696
767.0 0.92055743
768.0 1.0772005
769.0 1.092786
770.0 1.1094927
771.0 1.1203597
772.0 1.1179346000000001
773.0 1.1200819
774.0 1.1295867000000002
775.0 1.0919471
776.0 1.132857
777.0 1.1236554
778.0 1.1219929
779.0 1.1217739
780.0 1.1114251
781.0 1.1052083
782.0 1.1191600000000002
783.0 1.0905572
784.0 1.0885999
785.0 1.0946114
786.0 1.0671827
787.0 1.0370952
788.0 1.0096609
789.0 0.98940301
790.0 0.9778473400000001
791.0 0.9631280600000001
792.0 0.95976972
793.0 0.95474356
794.0 1.0246565
795.0 0.9838125700000001
796.0 0.8959248700000001
797.0 0.9634279
798.0 1.0079193
799.0 0.9860313300000001
800.0 0.88812265
801.0 0.9525179500000001
802.0 0.95028451
803.0 0.92510239
804.0 0.95575484
805.0 0.9643049
806.0 0.99482845
807.0 0.97073659
808.0 0.97017022
809.0 0.92158198
810.0 0.8878776
811.0 0.85479209
812.0 0.82349517
813.0 0.7522376900000001
814.0 0.62658215
815.0 0.5828609800000001
816.0 0.60625609
817.0 0.5032746
818.0 0.47847175
819.0 0.63403634
820.0 0.5575682200000001
821.0 0.7631927500000001
822.0 0.71820501
823.0 0.23859662
824.0 0.7137557600000001
825.0 0.87390272
826.0 0.6961546399999999
827.0 0.86336329
828.0 0.61239184
829.0 0.67185781
830.0 0.69818629
831.0 0.75929542
832.0 0.65628556
833.0 0.74491499
834.0 0.7454195
835.0 0.8412535400000001
836.0 0.8348066900000001
837.0 0.8687377300000001
838.0 0.86758625
839.0 0.86618501
840.0 0.89285865
841.0 0.86390041
842.0 0.8898163600000001
843.0 0.9082791200000001
844.0 0.8911018900000001
845.0 0.92573914
846.0 0.93294626
847.0 0.92854784
848.0 0.91922258
849.0 0.94160862
850.0 0.8163896700000001
851.0 0.92927249
852.0 0.88942727
853.0 0.91032254
854.0 0.67417837
855.0 0.8602680800000001
856.0 0.91588411
857.0 0.92987033
858.0 0.92124385
859.0 0.9118758400000001
860.0 0.92414794
861.0 0.9180933
862.0 0.9147197
863.0 0.93436743
864.0 0.93573585
865.0 0.91642915
866.0 0.72625405
867.0 0.86479037
868.0 0.89088013
869.0 0.8803588
870.0 0.91281232
871.0 0.91029558
872.0 0.91240499
873.0 0.9140323600000001
874.0 0.8939178600000001
875.0 0.87890051
876.0 0.89040268
877.0 0.8977689000000001
878.0 0.8916256600000001
879.0 0.88929989
880.0 0.88921251
881.0 0.8329737500000001
882.0 0.86267563
883.0 0.8623112599999999
884.0 0.8592961800000001
885.0 0.88104498
886.0 0.81129158
887.0 0.83556422
888.0 0.82666469
889.0 0.87293601
890.0 0.82886959
891.0 0.843459
892.0 0.7954905400000001
893.0 0.66838032
894.0 0.70518905
895.0 0.62016789
896.0 0.60633749
897.0 0.49566379
898.0 0.47182235
899.0 0.23034922000000002
900.0 0.45392749
901.0 0.38321481999999996
902.0 0.45864794000000003
903.0 0.42974666
904.0 0.66345535
905.0 0.6536607
906.0 0.55970561
907.0 0.3715854
908.0 0.3432602
909.0 0.42019502999999997
910.0 0.31635284
911.0 0.45745228
912.0 0.3701962
913.0 0.30109554000000005
914.0 0.36690449999999997
915.0 0.36007068
916.0 0.33635212999999997
917.0 0.42786147999999996
918.0 0.35996952
919.0 0.53449492
920.0 0.5920918500000001
921.0 0.52449795
922.0 0.5163643600000001
923.0 0.48143617
924.0 0.40408649
925.0 0.43254637
926.0 0.42143649
927.0 0.51588073
928.0 0.23982084
929.0 0.23843786
930.0 0.12643518
931.0 0.097500918
932.0 0.051250402
933.0 0.03910121800000001
934.0 0.0054707975
935.0 0.06290316
936.0 0.015156195
937.0 0.012175662
938.0 0.0089787228
939.0 0.1288522
940.0 0.1301717
941.0 0.059351777
942.0 0.084020093
943.0 0.023987366000000003
944.0 0.052882851
945.0 0.10596369
946.0 0.024233329
947.0 0.052995814
948.0 0.054519087
949.0 0.17550427999999998
950.0 0.011271012
951.0 0.18455774
952.0 0.033931848
953.0 0.095884479
954.0 0.13746337
955.0 0.10328376
956.0 0.17706088
957.0 0.072889168
958.0 0.19252055999999998
959.0 0.086765013
960.0 0.12550892
961.0 0.17491707
962.0 0.15222995
963.0 0.22119495
964.0 0.18038339
965.0 0.22389348
966.0 0.20667187
967.0 0.21945396
968.0 0.40897000000000006
969.0 0.47098548
970.0 0.42411732
971.0 0.51659976
972.0 0.5294960400000001
973.0 0.37601567
974.0 0.34894259
975.0 0.37957618000000004
976.0 0.32651128999999995
977.0 0.4878538
978.0 0.39625516
979.0 0.43976835000000003
980.0 0.38735041000000003
981.0 0.5893320700000001
982.0 0.53152568
983.0 0.51828845
984.0 0.60746052
985.0 0.51201671
986.0 0.64166125
987.0 0.59531318
988.0 0.6309205
989.0 0.65830767
990.0 0.57524535
991.0 0.66625824
992.0 0.6623160800000001
993.0 0.62062664
994.0 0.6856419300000001
995.0 0.6908451400000001
996.0 0.68514335
997.0 0.68297471
998.0 0.67890854
999.0 0.67914684
1000.0 0.65634732
1001.0 0.69014725
1002.0 0.61643986
1003.0 0.67542047
1004.0 0.6449547999999999
1005.0 0.62602901
1006.0 0.65270313
1007.0 0.66505521
1008.0 0.6543508
1009.0 0.63624406
1010.0 0.6332644199999999
1011.0 0.66883606
1012.0 0.6438320599999999
1013.0 0.6627856000000001
1014.0 0.66399814
1015.0 0.66228274
1016.0 0.66442723
1017.0 0.65437482
1018.0 0.66921642
1019.0 0.59606435
1020.0 0.66461551
1021.0 0.66265221
1022.0 0.64426119
1023.0 0.65364882
1024.0 0.62406794
1025.0 0.6565923
1026.0 0.65111291
1027.0 0.64774181
1028.0 0.6596146900000001
1029.0 0.64224802
1030.0 0.65611514
1031.0 0.65290077
1032.0 0.65511478
1033.0 0.6357373700000001
1034.0 0.64980844
1035.0 0.6422424
1036.0 0.64999429
1037.0 0.6352418400000001
1038.0 0.6453740800000001
1039.0 0.6476875
1040.0 0.6386974599999999
1041.0 0.64251041
1042.0 0.64135461
1043.0 0.6314072000000001
1044.0 0.6377118
1045.0 0.63316518
1046.0 0.61179441
1047.0 0.62661209
1048.0 0.6331858300000001
1049.0 0.62931984
1050.0 0.62426976
1051.0 0.62567088
1052.0 0.6213299600000001
1053.0 0.61562192
1054.0 0.61929625
1055.0 0.6196284799999999
1056.0 0.61674149
1057.0 0.61524205
1058.0 0.6070832500000001
1059.0 0.5874833
1060.0 0.60071576
1061.0 0.5888259299999999
1062.0 0.6025786399999999
1063.0 0.5852824799999999
1064.0 0.6019272200000001
1065.0 0.5874613799999999
1066.0 0.57942758
1067.0 0.59192457
1068.0 0.5860630800000001
1069.0 0.53728264
1070.0 0.5640662
1071.0 0.57921002
1072.0 0.56030078
1073.0 0.5580854900000001
1074.0 0.58379835
1075.0 0.53519909
1076.0 0.5694394899999999
1077.0 0.5545701900000001
1078.0 0.55431998
1079.0 0.5660463499999999
1080.0 0.49437453
1081.0 0.47814435
1082.0 0.5358995999999999
1083.0 0.54281189
1084.0 0.50148611
1085.0 0.5206835
1086.0 0.3935423
1087.0 0.44430852
1088.0 0.54429286
1089.0 0.46503903
1090.0 0.47225477
1091.0 0.52403308
1092.0 0.53223758
1093.0 0.41129482
1094.0 0.44712675
1095.0 0.39580133
1096.0 0.33284009
1097.0 0.49423427
1098.0 0.34760831000000003
1099.0 0.35174720000000004
1100.0 0.33583102000000004
1101.0 0.3103648
1102.0 0.23675977
1103.0 0.28122505000000003
1104.0 0.26436425
1105.0 0.34033368
1106.0 0.15193307
1107.0 0.33113814
1108.0 0.1523501
1109.0 0.22628834
1110.0 0.29246904
1111.0 0.14146816
1112.0 0.22362438
1113.0 0.058412417
1114.0 0.12406158
1115.0 0.047498399999999996
1116.0 0.034942241000000006
1117.0 0.0073016648000000005
1118.0 0.051039139
1119.0 0.008010425100000001
1120.0 0.0058589627
1121.0 0.02370979
1122.0 0.00099292244
1123.0 0.012153154000000001
1124.0 0.013004417
1125.0 0.0093035683
1126.0 0.0013206905
1127.0 0.012980104000000001
1128.0 0.0021543774
1129.0 0.0016244003000000001
1130.0 0.0015913343
1131.0 0.067655232
1132.0 0.041108165999999995
1133.0 0.0069578576
1134.0 0.00037266796000000004
1135.0 9.3389115e-05
1136.0 0.0028672284
1137.0 0.066762388
1138.0 0.029088991
1139.0 0.12769548
1140.0 0.039066929
1141.0 0.019100739000000002
1142.0 0.030506815
1143.0 0.087557711
1144.0 0.0056385583
1145.0 0.004681338
1146.0 0.0061779352999999995
1147.0 0.00038814051
1148.0 0.08388085599999999
1149.0 0.048542065
1150.0 0.018433097
1151.0 0.023931272
1152.0 0.032400356000000005
1153.0 0.08133694
1154.0 0.010395111
1155.0 0.08922815
1156.0 0.086243375
1157.0 0.12602932
1158.0 0.13618851
1159.0 0.12919844
1160.0 0.10833812000000001
1161.0 0.17077351
1162.0 0.14506211
1163.0 0.33911197
1164.0 0.2452432
1165.0 0.156698
1166.0 0.20227132
1167.0 0.21644225
1168.0 0.2366959
1169.0 0.26717980999999996
1170.0 0.31145632
1171.0 0.27743656
1172.0 0.28602753999999997
1173.0 0.30335688
1174.0 0.11340399
1175.0 0.25784013
1176.0 0.40999961
1177.0 0.35776533
1178.0 0.2614962
1179.0 0.39161687
1180.0 0.32119391
1181.0 0.2823798
1182.0 0.1237493
1183.0 0.31678543000000003
1184.0 0.23779471000000002
1185.0 0.25247777
1186.0 0.3651627
1187.0 0.30893036
1188.0 0.13994577000000002
1189.0 0.27288818
1190.0 0.31592351
1191.0 0.27347645
1192.0 0.35120507
1193.0 0.31434008999999996
1194.0 0.38331214
1195.0 0.31756072999999996
1196.0 0.30215967
1197.0 0.36319753
1198.0 0.35486869000000004
1199.0 0.2092919
1200.0 0.33934025
1201.0 0.28940089999999996
1202.0 0.342474
1203.0 0.31346526999999996
1204.0 0.22134539
1205.0 0.32943425000000004
1206.0 0.40430572000000004
1207.0 0.31798003
1208.0 0.30819024
1209.0 0.2807247
1210.0 0.35580774000000004
1211.0 0.32686563
1212.0 0.25653994999999996
1213.0 0.38154105
1214.0 0.27329222
1215.0 0.32091277
1216.0 0.38487053
1217.0 0.36558959
1218.0 0.36523838999999997
1219.0 0.3489522
1220.0 0.38358075
1221.0 0.41628956
1222.0 0.39335851000000005
1223.0 0.39294315999999996
1224.0 0.36344736
1225.0 0.3842744
1226.0 0.40051947000000004
1227.0 0.32162963
1228.0 0.41837501
1229.0 0.40085196
1230.0 0.39513042000000004
1231.0 0.41896969
1232.0 0.42228587
1233.0 0.37912803
1234.0 0.43008055
1235.0 0.42254911
1236.0 0.43138616
1237.0 0.41888946
1238.0 0.43152078
1239.0 0.42775114000000003
1240.0 0.42723795000000003
1241.0 0.42068299000000003
1242.0 0.42273217
1243.0 0.42326100000000005
1244.0 0.41758143000000003
1245.0 0.42542332
1246.0 0.42186405000000005
1247.0 0.41992153000000004
1248.0 0.41935328
1249.0 0.41908122
1250.0 0.41672365000000006
1251.0 0.41091709
1252.0 0.40502298000000003
1253.0 0.4100066
1254.0 0.39701014
1255.0 0.40445471
1256.0 0.39584555
1257.0 0.39197170000000003
1258.0 0.39445695999999997
1259.0 0.3800949
1260.0 0.38422522
1261.0 0.36815312
1262.0 0.36254327000000003
1263.0 0.34964581
1264.0 0.33356351
1265.0 0.33592546
1266.0 0.3382485
1267.0 0.34304385000000004
1268.0 0.34362921
1269.0 0.23668517
1270.0 0.34327528
1271.0 0.35334005
1272.0 0.36298475
1273.0 0.36448273999999997
1274.0 0.36391435
1275.0 0.36864627
1276.0 0.36513789
1277.0 0.36099358000000004
1278.0 0.37689262
1279.0 0.37561874
1280.0 0.3649237
1281.0 0.35577521
1282.0 0.32810677
1283.0 0.35947459
1284.0 0.36830755
1285.0 0.37681832000000004
1286.0 0.38451319
1287.0 0.3549564
1288.0 0.33437119000000004
1289.0 0.32712987
1290.0 0.34768203000000003
1291.0 0.38298730000000003
1292.0 0.30949449
1293.0 0.35759426000000005
1294.0 0.34986537
1295.0 0.34184364
1296.0 0.29350941999999997
1297.0 0.27922916
1298.0 0.30882296000000004
1299.0 0.35961866
1300.0 0.3136194
1301.0 0.24305518
1302.0 0.30723412
1303.0 0.28045314000000005
1304.0 0.16829065
1305.0 0.32388504
1306.0 0.31007035000000005
1307.0 0.18493373
1308.0 0.24467387
1309.0 0.25658912
1310.0 0.16689658000000002
1311.0 0.23527294
1312.0 0.20679411
1313.0 0.16253539
1314.0 0.14461027
1315.0 0.13977224000000002
1316.0 0.21614212000000002
1317.0 0.17195216
1318.0 0.18045067
1319.0 0.14040492000000002
1320.0 0.098941926
1321.0 0.17360429
1322.0 0.17834245999999998
1323.0 0.06434980400000001
1324.0 0.10222367
1325.0 0.18527265
1326.0 0.15301926000000002
1327.0 0.10386915000000001
1328.0 0.09766556500000001
1329.0 0.03115732
1330.0 0.065906086
1331.0 0.018798890000000002
1332.0 0.027082743000000003
1333.0 0.057151333000000006
1334.0 0.047318957
1335.0 0.074896041
1336.0 0.031853813
1337.0 0.042616115999999996
1338.0 0.046033739
1339.0 0.037647461
1340.0 0.037971824
1341.0 0.036311234
1342.0 0.05735488800000001
1343.0 0.026454715
1344.0 0.0053301063
1345.0 0.015468833
1346.0 0.0018315409
1347.0 0.0016743157
1348.0 9.9002225e-06
1349.0 6.884562199999999e-05
1350.0 8.305686900000001e-05
1351.0 2.5813087000000003e-07
1352.0 4.9970688e-08
1353.0 6.1929095e-12
1354.0 2.1007524e-11
1355.0 3.5309849e-16
1356.0 1.2025262000000003e-13
1357.0 6.0930457e-14
1358.0 3.7756524e-16
1359.0 3.8661809e-16
1360.0 3.9546255e-16
1361.0 4.0525756000000005e-16
1362.0 4.1463060000000003e-16
1363.0 4.2672483000000003e-16
1364.0 4.352523e-16
1365.0 4.4377003e-16
1366.0 4.5317617e-16
1367.0 4.637675600000001e-16
1368.0 4.7481932e-16
1369.0 4.8507959e-16
1370.0 4.9621395e-16
1371.0 5.0781389e-16
1372.0 5.192029e-16
1373.0 5.2980725e-16
1374.0 5.381192e-14
1375.0 3.6957177000000003e-13
1376.0 3.601035e-13
1377.0 1.1620533e-11
1378.0 3.2609637e-11
1379.0 2.5118425999999997e-15
1380.0 2.8843526e-15
1381.0 6.3386167e-16
1382.0 6.4783447e-16
1383.0 6.6265184e-16
1384.0 6.7608678e-16
1385.0 6.9210417e-16
1386.0 7.0579478e-16
1387.0 1.5634824e-13
1388.0 7.3900692e-16
1389.0 6.2684629e-11
1390.0 5.4370521000000005e-12
1391.0 1.2845452e-10
1392.0 3.1741915000000005e-11
1393.0 2.4839607e-13
1394.0 1.7327272000000002e-13
1395.0 8.604941499999999e-16
1396.0 8.7893403e-16
1397.0 3.3639524e-11
1398.0 3.7228002e-09
1399.0 1.1258855999999999e-10
1400.0 9.5782642e-16
1401.0 9.7858594e-16
1402.0 6.7169194e-08
1403.0 4.0232362e-08
1404.0 3.3761737000000004e-10
1405.0 2.2015294e-15
1406.0 6.7036575e-09
1407.0 1.025143e-11
1408.0 5.9070078e-09
1409.0 5.578084500000001e-10
1410.0 1.2307984e-11
1411.0 4.4480735e-08
1412.0 3.1452291e-07
1413.0 6.5062488e-05
1414.0 3.9214089e-12
1415.0 7.1884948e-11
1416.0 0.00019604935000000002
1417.0 5.7951803000000005e-05
1418.0 3.9308531000000005e-06
1419.0 3.5672254e-06
1420.0 1.9496056e-06
1421.0 7.390801699999999e-06
1422.0 0.000345485
1423.0 0.00012571516999999998
1424.0 8.4708051e-05
1425.0 0.00012971117
1426.0 0.0005467913100000001
1427.0 0.00079182352
1428.0 1.7361321e-07
1429.0 0.0013499758
1430.0 0.0022426856
1431.0 0.0018452516000000002
1432.0 4.3526376000000003e-07
1433.0 0.0014665226
1434.0 0.00043011647
1435.0 0.00031627747000000003
1436.0 0.00065184577
1437.0 0.00026083029
1438.0 5.8022672999999995e-05
1439.0 0.0012474919
1440.0 0.0020576138
1441.0 0.00021771963
1442.0 0.00013252461
1443.0 0.0012195160000000001
1444.0 0.001548969
1445.0 0.00089514173
1446.0 0.00011155824000000001
1447.0 0.00029237751
1448.0 0.0096407961
1449.0 0.0082751679
1450.0 0.00075812612
1451.0 0.00016179163
1452.0 0.000735266
1453.0 0.0025623571
1454.0 0.021349394
1455.0 0.0037507217
1456.0 0.0045040743
1457.0 0.012280609
1458.0 0.026055765
1459.0 0.028832643
1460.0 0.007883514500000001
1461.0 0.0035035661
1462.0 0.022404195999999998
1463.0 0.0034610631
1464.0 0.036522942
1465.0 0.012737336000000002
1466.0 0.0018523305
1467.0 0.00037870454
1468.0 0.005506238500000001
1469.0 0.0069045042
1470.0 0.0011130724999999998
1471.0 0.00020844686000000002
1472.0 0.0006023539300000001
1473.0 0.0025784339
1474.0 0.021909536
1475.0 0.065039453
1476.0 0.0079410041
1477.0 0.0027240401
1478.0 0.00426981
1479.0 0.014515649
1480.0 0.0033163494000000003
1481.0 0.021021204999999998
1482.0 0.0057469136
1483.0 0.032905265999999996
1484.0 0.022016026
1485.0 0.025340484
1486.0 0.016756878
1487.0 0.0056423232
1488.0 0.011350065000000001
1489.0 0.051839921
1490.0 0.08742081
1491.0 0.10271171
1492.0 0.029371517
1493.0 0.061520209
1494.0 0.088259098
1495.0 0.057038396
1496.0 0.07980408900000001
1497.0 0.15766582
1498.0 0.10067389
1499.0 0.092317292
1500.0 0.18638848
1501.0 0.17050953000000002
1502.0 0.16707677
1503.0 0.086070455
1504.0 0.051376776
1505.0 0.10145659000000001
1506.0 0.18853643
1507.0 0.21036167
1508.0 0.15059892
1509.0 0.087507747
1510.0 0.21090848
1511.0 0.17592072
1512.0 0.22753798
1513.0 0.15637312
1514.0 0.13637934999999998
1515.0 0.2220573
1516.0 0.20298443000000002
1517.0 0.17516904
1518.0 0.19546977999999998
1519.0 0.13487903
1520.0 0.19909573
1521.0 0.25448837
1522.0 0.21767451000000002
1523.0 0.25245726
1524.0 0.23575588
1525.0 0.20512970000000003
1526.0 0.20778015
1527.0 0.21316022
1528.0 0.24878863
1529.0 0.23407329999999998
1530.0 0.20559248
1531.0 0.21971091
1532.0 0.25474222
1533.0 0.25432521
1534.0 0.2376661
1535.0 0.22234405000000002
1536.0 0.24252732000000002
1537.0 0.22863577000000002
1538.0 0.25181905
1539.0 0.23985462000000002
1540.0 0.24299012
1541.0 0.24354502
1542.0 0.23027191
1543.0 0.24457225
1544.0 0.22265078
1545.0 0.26187763000000003
1546.0 0.24238406
1547.0 0.24884401
1548.0 0.2501545
1549.0 0.25503483
1550.0 0.24812481
1551.0 0.24633277
1552.0 0.24404098
1553.0 0.25150418
1554.0 0.23904899000000002
1555.0 0.25285219000000003
1556.0 0.24625139999999998
1557.0 0.2544378
1558.0 0.25210387
1559.0 0.24936323
1560.0 0.25006463
1561.0 0.25233618
1562.0 0.23999627
1563.0 0.24144968
1564.0 0.24692537
1565.0 0.25066558
1566.0 0.23869455
1567.0 0.24381329
1568.0 0.23356734
1569.0 0.23782505
1570.0 0.22221718000000001
1571.0 0.22295459
1572.0 0.21842979
1573.0 0.22127463
1574.0 0.22311731
1575.0 0.22345715000000002
1576.0 0.22983232
1577.0 0.1994543
1578.0 0.21796953
1579.0 0.22540538000000002
1580.0 0.22942982
1581.0 0.23328753000000002
1582.0 0.22801263
1583.0 0.22429179
1584.0 0.23493106
1585.0 0.24185231
1586.0 0.23307348
1587.0 0.22597231
1588.0 0.23191777
1589.0 0.2103045
1590.0 0.22307123
1591.0 0.22731262000000002
1592.0 0.23470341
1593.0 0.24093311
1594.0 0.23440566000000002
1595.0 0.2411683
1596.0 0.22064841000000002
1597.0 0.22701663
1598.0 0.23816771
1599.0 0.22830691
1600.0 0.22440667
1601.0 0.20717356
1602.0 0.20450302
1603.0 0.20958380000000001
1604.0 0.21759712
1605.0 0.22332679
1606.0 0.22584749
1607.0 0.21673142
1608.0 0.21339286999999998
1609.0 0.21627687
1610.0 0.20005009
1611.0 0.21232810000000002
1612.0 0.21612616
1613.0 0.22316603000000002
1614.0 0.22433999000000002
1615.0 0.22541972999999998
1616.0 0.21977229
1617.0 0.21878783000000002
1618.0 0.23127278999999998
1619.0 0.22560370000000002
1620.0 0.21736888
1621.0 0.22665258
1622.0 0.22649875
1623.0 0.23180483000000002
1624.0 0.232691
1625.0 0.22325275
1626.0 0.23052952
1627.0 0.23067305
1628.0 0.23096562
1629.0 0.23012838
1630.0 0.22635351
1631.0 0.22682781
1632.0 0.22550556
1633.0 0.21670544000000003
1634.0 0.22050076000000002
1635.0 0.22006438
1636.0 0.22344856
1637.0 0.21523713
1638.0 0.20366157000000001
1639.0 0.20771394
1640.0 0.2061795
1641.0 0.2091104
1642.0 0.20778411
1643.0 0.20329407000000002
1644.0 0.21201714000000002
1645.0 0.20665785
1646.0 0.20358708
1647.0 0.21690336
1648.0 0.20275946
1649.0 0.20637074000000002
1650.0 0.21425935999999998
1651.0 0.20077093
1652.0 0.20311175
1653.0 0.20956348
1654.0 0.20852709
1655.0 0.20863793000000003
1656.0 0.20690687
1657.0 0.20020155
1658.0 0.2105377
1659.0 0.21207253
1660.0 0.21139704
1661.0 0.19996131
1662.0 0.19603369
1663.0 0.20755722000000001
1664.0 0.20834495000000003
1665.0 0.20342271
1666.0 0.17049735000000002
1667.0 0.19943338
1668.0 0.20044994
1669.0 0.19873116
1670.0 0.20764355
1671.0 0.20412562
1672.0 0.19466044
1673.0 0.20328987
1674.0 0.19860441
1675.0 0.19331747
1676.0 0.19611144
1677.0 0.19056409
1678.0 0.19269826
1679.0 0.1973713
1680.0 0.18582012
1681.0 0.18274132
1682.0 0.19271755999999998
1683.0 0.19331633
1684.0 0.17161285
1685.0 0.20202058
1686.0 0.1964756
1687.0 0.18291867
1688.0 0.1990083
1689.0 0.18777046000000003
1690.0 0.19064586
1691.0 0.15415387000000003
1692.0 0.18611368
1693.0 0.19877856
1694.0 0.18044816
1695.0 0.19813565
1696.0 0.19743658
1697.0 0.11548467
1698.0 0.19464987
1699.0 0.19070362000000002
1700.0 0.18063549
1701.0 0.15257563
1702.0 0.19294648
1703.0 0.18357209
1704.0 0.17984189
1705.0 0.18018146
1706.0 0.1692696
1707.0 0.15830485
1708.0 0.15764914
1709.0 0.13163528
1710.0 0.18798961
1711.0 0.16133581000000002
1712.0 0.18125754000000002
1713.0 0.17511528
1714.0 0.11738539
1715.0 0.16899912
1716.0 0.13340881
1717.0 0.18470938
1718.0 0.18023902000000003
1719.0 0.18598546
1720.0 0.16842208
1721.0 0.11004295
1722.0 0.16409457
1723.0 0.14964093
1724.0 0.10923298
1725.0 0.12951275
1726.0 0.13815012
1727.0 0.16888569
1728.0 0.15556762000000002
1729.0 0.11337549
1730.0 0.17544745
1731.0 0.16952286000000003
1732.0 0.063863642
1733.0 0.14020892000000001
1734.0 0.15416429
1735.0 0.15220098999999998
1736.0 0.082349566
1737.0 0.10914372
1738.0 0.14197123
1739.0 0.15526658000000002
1740.0 0.110295
1741.0 0.079151335
1742.0 0.12248868
1743.0 0.15297062
1744.0 0.10830571000000001
1745.0 0.13156610000000002
1746.0 0.1322801
1747.0 0.012493410000000002
1748.0 0.12731254
1749.0 0.14048908000000002
1750.0 0.14878771000000002
1751.0 0.097086835
1752.0 0.10333373
1753.0 0.13494924
1754.0 0.1442341
1755.0 0.05426925
1756.0 0.11336279
1757.0 0.043947183
1758.0 0.11245316
1759.0 0.1473961
1760.0 0.13640164
1761.0 0.063726425
1762.0 0.10063885
1763.0 0.045418966
1764.0 0.12551024
1765.0 0.091411411
1766.0 0.010745183000000002
1767.0 0.079387028
1768.0 0.07977954300000001
1769.0 0.07905021000000001
1770.0 0.057197485
1771.0 0.053922832999999996
1772.0 0.1104741
1773.0 0.08730283900000001
1774.0 0.02350047
1775.0 0.061552287000000004
1776.0 0.011184818000000001
1777.0 0.051188759
1778.0 0.052651773
1779.0 0.0088632396
1780.0 0.061827352
1781.0 0.014445229
1782.0 0.048214463000000006
1783.0 0.061733911999999995
1784.0 0.021032730000000003
1785.0 0.0053034307
1786.0 0.007702293
1787.0 0.007790102100000001
1788.0 0.053455143999999996
1789.0 0.049283316
1790.0 0.048387347
1791.0 0.0033601565999999998
1792.0 0.0061887497
1793.0 0.0048090731
1794.0 0.00081205363
1795.0 0.0027351067
1796.0 0.0039814367
1797.0 0.0025345967
1798.0 0.004697222
1799.0 0.014458992
1800.0 0.00029717739
1801.0 2.7074451e-08
1802.0 2.0015655e-07
1803.0 0.00021752362
1804.0 0.00078029265
1805.0 0.0019494577
1806.0 6.238556600000001e-05
1807.0 1.9316539e-06
1808.0 0.00054171955
1809.0 7.1779404e-05
1810.0 0.00015562602000000002
1811.0 5.7538785e-08
1812.0 1.2489890000000002e-07
1813.0 9.155099e-09
1814.0 3.0899322e-05
1815.0 2.2860221e-06
1816.0 1.9596681e-10
1817.0 1.9865691000000002e-07
1818.0 6.406012199999999e-07
1819.0 9.018917200000001e-10
1820.0 7.8399325e-11
1821.0 8.2959543e-13
1822.0 8.4028577e-13
1823.0 8.260819700000001e-08
1824.0 8.460012e-07
1825.0 1.4385164e-08
1826.0 8.800682800000001e-13
1827.0 9.102422e-13
1828.0 9.1128355e-13
1829.0 9.127744800000002e-13
1830.0 9.2378417e-13
1831.0 9.355082100000002e-13
1832.0 9.434358499999999e-13
1833.0 9.5710635e-13
1834.0 9.6465165e-13
1835.0 9.8112663e-13
1836.0 9.929191100000001e-13
1837.0 1.0046346000000002e-12
1838.0 1.0165834e-12
1839.0 1.0275693e-12
1840.0 1.040755e-12
1841.0 1.0527965000000001e-12
1842.0 1.0654414e-12
1843.0 1.0759668e-12
1844.0 1.0880169e-12
1845.0 1.0913058e-12
1846.0 1.1143819e-12
1847.0 1.1294635000000001e-12
1848.0 1.1426735e-12
1849.0 1.1557709e-12
1850.0 1.1685035e-12
1851.0 1.1808889e-12
1852.0 1.1878066e-12
1853.0 1.2105323e-12
1854.0 1.2248786e-12
1855.0 1.2375814e-12
1856.0 1.2519074000000002e-12
1857.0 1.267938e-12
1858.0 1.2790084000000001e-12
1859.0 1.2959036e-12
1860.0 1.3123484e-12
1861.0 1.3268448e-12
1862.0 1.3299093e-12
1863.0 1.3544574000000002e-12
1864.0 1.3717407000000002e-12
1865.0 1.3886527e-12
1866.0 1.3921134e-12
1867.0 1.4195819e-12
1868.0 1.4376483e-12
1869.0 1.4539645e-12
1870.0 1.4706071e-12
1871.0 1.4873367e-12
1872.0 1.5041534000000002e-12
1873.0 1.5213017000000002e-12
1874.0 1.5385137e-12
1875.0 1.5558675e-12
1876.0 1.5733874000000001e-12
1877.0 1.5913118999999999e-12
1878.0 1.6081156000000001e-12
1879.0 1.6147872e-12
1880.0 1.6960492e-12
1881.0 1.6632738e-12
1882.0 1.9773946e-12
1883.0 1.7967714e-12
1884.0 1.7201338e-12
1885.0 1.7342971000000001e-12
1886.0 1.7453594000000002e-12
1887.0 2.7429666e-12
1888.0 3.8104000000000005e-11
1889.0 6.1840661e-12
1890.0 1.8381725000000003e-12
1891.0 1.8535881e-12
1892.0 1.8791274e-12
1893.0 1.8994922e-12
1894.0 1.9182937e-12
1895.0 2.7247568e-11
1896.0 1.5858568e-11
1897.0 1.9826615e-12
1898.0 2.0071479000000004e-12
1899.0 2.0302196e-12
1900.0 2.0528221999999998e-12
1901.0 2.0727937000000002e-12
1902.0 2.0909975e-12
1903.0 2.1208665e-12
1904.0 2.1393459000000002e-12
1905.0 2.1674138e-12
1906.0 2.1913332e-12
1907.0 2.2146193e-12
1908.0 2.2165017000000003e-12
1909.0 2.2528149e-12
1910.0 2.2742675e-12
1911.0 2.3108339e-12
1912.0 2.3369729000000003e-12
1913.0 2.3623867e-12
1914.0 2.3889323999999998e-12
1915.0 2.4060315e-12
1916.0 2.434711e-12
1917.0 2.7269416000000002e-12
1918.0 1.4198918e-09
1919.0 1.0386112e-10
1920.0 2.5474486e-12
1921.0 2.5746112e-12
1922.0 5.2367761e-11
1923.0 9.132420199999999e-10
1924.0 1.4631379e-11
1925.0 5.0062041000000005e-08
1926.0 6.997676e-08
1927.0 5.9069489e-11
1928.0 2.7622874e-12
1929.0 1.9208414e-10
1930.0 5.494266e-10
1931.0 2.8579018e-12
1932.0 1.0006395e-07
1933.0 8.400769000000001e-08
1934.0 1.3242584000000003e-07
1935.0 1.5255283999999999e-05
1936.0 1.9214181e-06
1937.0 8.5945783e-09
1938.0 5.0987851e-09
1939.0 9.9100324e-10
1940.0 1.3985011999999998e-07
1941.0 8.6820987e-08
1942.0 0.00035632446
1943.0 0.00046596914000000003
1944.0 7.9522116e-07
1945.0 7.5593198000000004e-06
1946.0 4.411905e-05
1947.0 0.00038304997
1948.0 1.0378498e-05
1949.0 4.1229791000000005e-05
1950.0 0.00037869309
1951.0 0.0020203845000000002
1952.0 0.0035364481
1953.0 0.00049600267
1954.0 0.00042157058
1955.0 0.0005819800000000001
1956.0 0.00020716011
1957.0 0.00010048764
1958.0 0.00026580131000000003
1959.0 6.4084661e-05
1960.0 0.00429504
1961.0 0.0017496449000000002
1962.0 0.0030548179000000003
1963.0 0.00015105207
1964.0 0.0026520944000000004
1965.0 0.007526788899999999
1966.0 0.013600499
1967.0 0.027083897000000003
1968.0 0.0075568127
1969.0 0.035495493
1970.0 0.040829698000000005
1971.0 0.012116094
1972.0 0.0030941833
1973.0 0.023783051
1974.0 0.012676521
1975.0 0.036419608
1976.0 0.016396054
1977.0 0.057493043
1978.0 0.034705194
1979.0 0.036260149
1980.0 0.0011943328
1981.0 0.032557227
1982.0 0.04975328
1983.0 0.027736826000000003
1984.0 0.061401559
1985.0 0.031926179
1986.0 0.060200378
1987.0 0.008078485000000002
1988.0 0.039391277
1989.0 0.058996598
1990.0 0.011866097
1991.0 0.047839495
1992.0 0.054808866000000005
1993.0 0.068798904
1994.0 0.037146434
1995.0 0.045883783000000004
1996.0 0.042111732000000006
1997.0 0.038932377000000004
1998.0 0.021117858
1999.0 0.028320801
2000.0 0.024753713
2001.0 0.012708495
2002.0 0.0096715029
2003.0 0.0072065124
2004.0 0.0060561886
2005.0 0.0042903465
2006.0 0.005709897500000001
2007.0 0.01494084
2008.0 0.022413732
2009.0 0.045069724
2010.0 0.025715026000000002
2011.0 0.02223062
2012.0 0.018955218
2013.0 0.019871642999999998
2014.0 0.016165347
2015.0 0.016597378
2016.0 0.018814292
2017.0 0.01301456
2018.0 0.017827509
2019.0 0.031059385
2020.0 0.03235475
2021.0 0.030516684000000002
2022.0 0.045121788
2023.0 0.049827948999999996
2024.0 0.05056357400000001
2025.0 0.056425626
2026.0 0.070751146
2027.0 0.074636186
2028.0 0.040554524
2029.0 0.050346708000000004
2030.0 0.07104083300000001
2031.0 0.066750638
2032.0 0.07739623899999999
2033.0 0.06087411
2034.0 0.081931615
2035.0 0.08517355000000001
2036.0 0.09140525
2037.0 0.09306391800000001
2038.0 0.075162646
2039.0 0.086618238
2040.0 0.047987086
2041.0 0.075658297
2042.0 0.086797315
2043.0 0.07289567300000001
2044.0 0.056868424
2045.0 0.075900599
2046.0 0.088447574
2047.0 0.081097662
2048.0 0.078832635
2049.0 0.065972132
2050.0 0.062194571000000004
2051.0 0.053280710999999994
2052.0 0.052595813
2053.0 0.050157826999999995
2054.0 0.039470166
2055.0 0.048014974
2056.0 0.052710074
2057.0 0.051753601
2058.0 0.048729853
2059.0 0.058893267000000006
2060.0 0.07522988100000001
2061.0 0.060013994
2062.0 0.061417634
2063.0 0.04831122
2064.0 0.055556556
2065.0 0.053192746
2066.0 0.053853149
2067.0 0.056967539000000005
2068.0 0.05672636700000001
2069.0 0.061685675
2070.0 0.051986410999999996
2071.0 0.060589916
2072.0 0.060182805000000006
2073.0 0.062143567
2074.0 0.07132772799999999
2075.0 0.065356261
2076.0 0.076263263
2077.0 0.066962941
2078.0 0.055703928
2079.0 0.084790493
2080.0 0.087610092
2081.0 0.082858317
2082.0 0.076101012
2083.0 0.078331986
2084.0 0.079589783
2085.0 0.059641306
2086.0 0.075145693
2087.0 0.08453784400000001
2088.0 0.085808077
2089.0 0.083170836
2090.0 0.072685864
2091.0 0.08798847800000001
2092.0 0.07923503700000001
2093.0 0.083406272
2094.0 0.061192813000000006
2095.0 0.085028907
2096.0 0.088116478
2097.0 0.08581126600000001
2098.0 0.081853457
2099.0 0.061158761
2100.0 0.07695236300000001
2101.0 0.081473346
2102.0 0.062446807
2103.0 0.08786945
2104.0 0.08963876800000001
2105.0 0.07935478000000001
2106.0 0.088405024
2107.0 0.08731005500000001
2108.0 0.089515012
2109.0 0.08767258800000001
2110.0 0.07558295699999999
2111.0 0.087856418
2112.0 0.06979064700000001
2113.0 0.081900816
2114.0 0.08931452100000001
2115.0 0.08260214499999999
2116.0 0.079563099
2117.0 0.084709006
2118.0 0.074864273
2119.0 0.071830906
2120.0 0.057458959999999996
2121.0 0.084443457
2122.0 0.08676106900000001
2123.0 0.087996215
2124.0 0.076132363
2125.0 0.067590545
2126.0 0.086947364
2127.0 0.082040174
2128.0 0.057218538000000006
2129.0 0.087058095
2130.0 0.08683598499999999
2131.0 0.087779575
2132.0 0.087788952
2133.0 0.086313058
2134.0 0.087578822
2135.0 0.086924679
2136.0 0.063673553
2137.0 0.086221051
2138.0 0.08638153800000001
2139.0 0.083402237
2140.0 0.084205101
2141.0 0.086519527
2142.0 0.08559551500000001
2143.0 0.085765404
2144.0 0.08525202400000001
2145.0 0.08343882999999999
2146.0 0.08281563800000001
2147.0 0.084931153
2148.0 0.078129661
2149.0 0.083455857
2150.0 0.074008415
2151.0 0.068367777
2152.0 0.05689986
2153.0 0.060702675
2154.0 0.06736074
2155.0 0.07506964
2156.0 0.079581464
2157.0 0.08194678600000001
2158.0 0.077302607
2159.0 0.060239734
2160.0 0.06825836700000001
2161.0 0.074419615
2162.0 0.07805374899999999
2163.0 0.057257616
2164.0 0.060865178
2165.0 0.074287827
2166.0 0.06329723200000001
2167.0 0.06954118
2168.0 0.073481723
2169.0 0.061325973
2170.0 0.077758001
2171.0 0.080537398
2172.0 0.07976691
2173.0 0.072167006
2174.0 0.060435154
2175.0 0.06869583400000001
2176.0 0.055975874
2177.0 0.074839513
2178.0 0.075234806
2179.0 0.060132277000000005
2180.0 0.07535654
2181.0 0.078316599
2182.0 0.07641586
2183.0 0.053805636999999996
2184.0 0.0638309
2185.0 0.03949858
2186.0 0.07530189799999999
2187.0 0.061763388999999995
2188.0 0.048287692
2189.0 0.076728691
2190.0 0.069615741
2191.0 0.07088423
2192.0 0.078669154
2193.0 0.078185251
2194.0 0.072350774
2195.0 0.049007147
2196.0 0.06929706100000001
2197.0 0.065951132
2198.0 0.052258285
2199.0 0.054482215
2200.0 0.056365343000000005
2201.0 0.06686616499999999
2202.0 0.070615921
2203.0 0.072202129
2204.0 0.056814547
2205.0 0.048060541
2206.0 0.07140250100000001
2207.0 0.056017247
2208.0 0.069585275
2209.0 0.071683926
2210.0 0.068865465
2211.0 0.07433711
2212.0 0.07606940000000001
2213.0 0.075352589
2214.0 0.073360455
2215.0 0.061061096999999995
2216.0 0.052279325
2217.0 0.072691776
2218.0 0.069888631
2219.0 0.073110013
2220.0 0.069729975
2221.0 0.072804043
2222.0 0.072537849
2223.0 0.068235508
2224.0 0.07152335
2225.0 0.066790152
2226.0 0.067112387
2227.0 0.06805623
2228.0 0.071091323
2229.0 0.073003894
2230.0 0.072843064
2231.0 0.071593543
2232.0 0.069975765
2233.0 0.070888403
2234.0 0.069088822
2235.0 0.071068359
2236.0 0.062180053
2237.0 0.06977073900000001
2238.0 0.068493563
2239.0 0.069138446
2240.0 0.06871916400000001
2241.0 0.069178183
2242.0 0.069344359
2243.0 0.06875903700000001
2244.0 0.061627608
2245.0 0.07012731
2246.0 0.066349169
2247.0 0.058972235
2248.0 0.067239344
2249.0 0.06903880200000001
2250.0 0.067386117
2251.0 0.067286136
2252.0 0.066391031
2253.0 0.06666501700000001
2254.0 0.060998918000000006
2255.0 0.064349979
2256.0 0.063981498
2257.0 0.06096830400000001
2258.0 0.063808915
2259.0 0.067342128
2260.0 0.06576087300000001
2261.0 0.060030245
2262.0 0.058244208
2263.0 0.063311527
2264.0 0.06261531000000001
2265.0 0.058435972999999995
2266.0 0.065634001
2267.0 0.064392133
2268.0 0.058153649
2269.0 0.052039924
2270.0 0.062150822
2271.0 0.065801727
2272.0 0.060795761
2273.0 0.062702271
2274.0 0.06541403900000001
2275.0 0.059345262
2276.0 0.05819395200000001
2277.0 0.057950013
2278.0 0.063435561
2279.0 0.064970056
2280.0 0.064195021
2281.0 0.056770010999999995
2282.0 0.062271360000000005
2283.0 0.051381115000000005
2284.0 0.055873520999999995
2285.0 0.059585712
2286.0 0.063571501
2287.0 0.061926527
2288.0 0.06209071
2289.0 0.060151882999999996
2290.0 0.051244946
2291.0 0.054387782
2292.0 0.050342857000000005
2293.0 0.058422593999999994
2294.0 0.054468924
2295.0 0.040674013
2296.0 0.047583346
2297.0 0.057452736000000004
2298.0 0.052987476
2299.0 0.051721347
2300.0 0.052556697
2301.0 0.052464317
2302.0 0.057514775000000004
2303.0 0.055442244
2304.0 0.051034722000000005
2305.0 0.054202533000000004
2306.0 0.054834908
2307.0 0.055645256000000004
2308.0 0.056169793
2309.0 0.057206138000000004
2310.0 0.052661901000000004
2311.0 0.058031860000000005
2312.0 0.05447827
2313.0 0.06050200000000001
2314.0 0.060251774
2315.0 0.054896335000000004
2316.0 0.047743541
2317.0 0.030371524
2318.0 0.037703925
2319.0 0.048084547
2320.0 0.049894347000000006
2321.0 0.049957744
2322.0 0.030535160999999998
2323.0 0.020620491
2324.0 0.042166918000000005
2325.0 0.052345164
2326.0 0.052180195
2327.0 0.054238754
2328.0 0.047596839
2329.0 0.047560437000000004
2330.0 0.05310381300000001
2331.0 0.0404771
2332.0 0.045993525
2333.0 0.049965769
2334.0 0.04922685
2335.0 0.038919795
2336.0 0.047957358
2337.0 0.052094025
2338.0 0.043970484
2339.0 0.03189198
2340.0 0.027056308
2341.0 0.028912059
2342.0 0.025474159
2343.0 0.045006339
2344.0 0.04534231
2345.0 0.028101223999999998
2346.0 0.040927017999999996
2347.0 0.036309426000000006
2348.0 0.034866037
2349.0 0.042452327
2350.0 0.03144412
2351.0 0.025840733
2352.0 0.006904110099999999
2353.0 0.025097516
2354.0 0.038860035
2355.0 0.039219268
2356.0 0.033788209
2357.0 0.027836899
2358.0 0.030168607000000004
2359.0 0.035222054
2360.0 0.040994933000000004
2361.0 0.041168044
2362.0 0.040042417999999996
2363.0 0.034790501999999994
2364.0 0.016332056
2365.0 0.03835015
2366.0 0.041658435
2367.0 0.01971186
2368.0 0.03033659
2369.0 0.014585184999999999
2370.0 0.022539499
2371.0 0.0063925273
2372.0 0.019013739
2373.0 0.026755433000000002
2374.0 0.032533958
2375.0 0.035836987
2376.0 0.021932724
2377.0 0.01589111
2378.0 0.0061864282
2379.0 0.017783625
2380.0 0.019723996
2381.0 0.021600951
2382.0 0.027232768
2383.0 0.011577551
2384.0 0.0015335408
2385.0 0.016719090000000002
2386.0 0.0063701332
2387.0 0.022318119
2388.0 0.0060975834
2389.0 0.021982328
2390.0 0.025750772999999998
2391.0 0.0084942317
2392.0 0.0086860262
2393.0 0.023012531
2394.0 0.02292006
2395.0 0.024537222
2396.0 0.021314605
2397.0 0.0018269329000000002
2398.0 0.016155536999999998
2399.0 0.024454397
2400.0 0.016318390000000002
2401.0 0.021310504
2402.0 0.019967422
2403.0 0.022041338
2404.0 0.0057037959
2405.0 0.011218288
2406.0 0.01030768
2407.0 0.0015554986
2408.0 0.0079429069
2409.0 0.018242981000000002
2410.0 0.0027660276
2411.0 0.015431908000000001
2412.0 0.0035622258000000003
2413.0 0.013797834
2414.0 0.0021908135
2415.0 0.0034869466
2416.0 0.00025489019
2417.0 0.0046601035
2418.0 0.0032097615
2419.0 1.2140307e-05
2420.0 0.0035977841
2421.0 0.010990109999999999
2422.0 0.0074471188
2423.0 0.012821179
2424.0 0.0024779513999999996
2425.0 0.0060055409
2426.0 0.0039661894
2427.0 0.010110146
2428.0 0.01588328
2429.0 0.012253612
2430.0 0.010143814000000001
2431.0 0.013016726000000001
2432.0 0.011272062000000001
2433.0 0.0023177421
2434.0 0.0014458277
2435.0 7.530901900000001e-05
2436.0 1.8844632e-10
2437.0 0.0013021994
2438.0 0.006302254300000001
2439.0 0.010164425
2440.0 0.011534332
2441.0 0.01189827
2442.0 0.009121263300000002
2443.0 0.0019265654000000002
2444.0 0.0058709315
2445.0 0.0013923479999999998
2446.0 3.2532594e-06
2447.0 8.8614628e-06
2448.0 0.00028307193000000005
2449.0 0.0023392595
2450.0 0.00025062338
2451.0 8.0200886e-08
2452.0 0.00025008428
2453.0 0.0014468402
2454.0 0.00015132948
2455.0 0.0007395028999999999
2456.0 0.0039469888000000005
2457.0 0.0040897879
2458.0 0.0060778343
2459.0 0.004457486300000001
2460.0 0.004310266300000001
2461.0 0.0030580538
2462.0 0.00041703050000000005
2463.0 1.786377e-05
2464.0 0.00033001764
2465.0 0.0020514173000000004
2466.0 0.0021655836
2467.0 0.0017525862999999999
2468.0 0.00021264183
2469.0 0.0010672395
2470.0 0.00073015993
2471.0 0.00010313194000000001
2472.0 1.4311410000000002e-08
2473.0 2.4131793000000003e-06
2474.0 0.00018341148
2475.0 0.00017862786
2476.0 0.00083655012
2477.0 0.0007113166
2478.0 0.00017719308
2479.0 5.772571e-05
2480.0 7.1702308e-06
2481.0 7.541995500000001e-09
2482.0 8.8192597e-06
2483.0 7.3577916e-06
2484.0 1.9620478000000004e-09
2485.0 2.2730553e-06
2486.0 8.6001375e-06
2487.0 5.7123856e-07
2488.0 2.5732205999999997e-10
2489.0 5.3845723e-07
2490.0 6.717560299999999e-06
2491.0 4.0276568000000005e-07
2492.0 1.1624946e-07
2493.0 3.6202722e-08
2494.0 2.9386871000000002e-09
2495.0 1.9138915e-09
2496.0 4.7686337e-07
2497.0 2.9319664e-06
2498.0 1.2551032e-05
2499.0 2.0320895e-05
2500.0 1.7638161e-05
