# Output file from SSolar_GOA model
#   Input Data
#  Ext. Spectrum= Wehrli
# lat=41.66 lon=-4.7 sza=29.358 jday=152
#  p=1013.0 o3=300.0 h2o=1.5 alb=0.2
#  alpha=1.5 beta=0.05 Wa=0.98 g=0.75
# Wavelength Irradiance
400.0 0.77937
401.0 0.84119
402.0 0.87123
403.0 0.87947
404.0 0.87883
405.0 0.88026
406.0 0.88195
407.0 0.87657
408.0 0.88308
409.0 0.9001
410.0 0.91402
411.0 0.93082
412.0 0.93912
413.0 0.94519
414.0 0.96122
415.0 0.96665
416.0 0.96203
417.0 0.96264
418.0 0.96916
419.0 0.96945
420.0 0.96204
421.0 0.96477
422.0 0.97319
423.0 0.97734
424.0 0.97331
425.0 0.9607
426.0 0.95133
427.0 0.92675
428.0 0.90292
429.0 0.90081
430.0 0.90348
431.0 0.91235
432.0 0.92553
433.0 0.95364
434.0 1.00465
435.0 1.03158
436.0 1.03759
437.0 1.04791
438.0 1.06172
439.0 1.08744
440.0 1.10113
441.0 1.11101
442.0 1.13283
443.0 1.15034
444.0 1.1727
445.0 1.19409
446.0 1.20162
447.0 1.21768
448.0 1.23769
449.0 1.25275
450.0 1.26528
451.0 1.26811
452.0 1.27005
453.0 1.27854
454.0 1.28243
455.0 1.27783
456.0 1.27784
457.0 1.28725
458.0 1.297
459.0 1.30676
460.0 1.31138
461.0 1.30751
462.0 1.30853
463.0 1.3112
464.0 1.30937
465.0 1.30872
466.0 1.30382
467.0 1.29404
468.0 1.29149
469.0 1.29641
470.0 1.30268
471.0 1.31065
472.0 1.31645
473.0 1.31893
474.0 1.32966
475.0 1.3416
476.0 1.34523
477.0 1.35129
478.0 1.35754
479.0 1.36205
480.0 1.36768
481.0 1.36842
482.0 1.35757
483.0 1.33002
484.0 1.30104
485.0 1.28525
486.0 1.27636
487.0 1.27543
488.0 1.27392
489.0 1.27619
490.0 1.29483
491.0 1.32123
492.0 1.33536
493.0 1.34121
494.0 1.34691
495.0 1.3484
496.0 1.35239
497.0 1.35636
498.0 1.34445
499.0 1.33241
500.0 1.32843
501.0 1.31835
502.0 1.31859
503.0 1.32582
504.0 1.32909
505.0 1.33818
506.0 1.34706
507.0 1.35127
508.0 1.36066
509.0 1.36317
510.0 1.35427
511.0 1.34978
512.0 1.34916
513.0 1.3377
514.0 1.316
515.0 1.28944
516.0 1.27165
517.0 1.26984
518.0 1.27155
519.0 1.2709
520.0 1.27996
521.0 1.30436
522.0 1.33143
523.0 1.3388
524.0 1.33192
525.0 1.33246
526.0 1.33756
527.0 1.34621
528.0 1.35014
529.0 1.34293
530.0 1.34827
531.0 1.36398
532.0 1.37171
533.0 1.37549
534.0 1.37069
535.0 1.36541
536.0 1.36721
537.0 1.36434
538.0 1.35923
539.0 1.35357
540.0 1.34709
541.0 1.34844
542.0 1.34939
543.0 1.35282
544.0 1.3596
545.0 1.36309
546.0 1.36712
547.0 1.37109
548.0 1.37108
549.0 1.36895
550.0 1.36752
551.0 1.37218
552.0 1.37852
553.0 1.37751
554.0 1.37392
555.0 1.36979
556.0 1.36439
557.0 1.36152
558.0 1.35667
559.0 1.35122
560.0 1.35192
561.0 1.35428
562.0 1.35496
563.0 1.35646
564.0 1.35916
565.0 1.35915
566.0 1.35707
567.0 1.35077
568.0 1.34161
569.0 1.34227
570.0 1.34875
571.0 1.35081
572.0 1.35172
573.0 1.3539
574.0 1.36011
575.0 1.36509
576.0 1.36274
577.0 1.36126
578.0 1.36227
579.0 1.36728
580.0 1.37323
581.0 1.37644
582.0 1.3787
583.0 1.38001
584.0 1.38038
585.0 1.37208
586.0 1.34569
587.0 1.32046
588.0 1.30364
589.0 1.29139
590.0 1.28529
591.0 1.27677
592.0 1.27454
593.0 1.28913
594.0 1.3009
595.0 1.30071
596.0 1.30302
597.0 1.3049
598.0 1.3084
599.0 1.3121
600.0 1.31636
601.0 1.32312
602.0 1.33031
603.0 1.33541
604.0 1.33961
605.0 1.34313
606.0 1.34663
607.0 1.34561
608.0 1.34119
609.0 1.33798
610.0 1.33223
611.0 1.32725
612.0 1.32493
613.0 1.31758
614.0 1.31205
615.0 1.31285
616.0 1.31356
617.0 1.31822
618.0 1.32149
619.0 1.32188
620.0 1.32677
621.0 1.32879
622.0 1.3224
623.0 1.31796
624.0 1.31625
625.0 1.31488
626.0 1.29868
627.0 1.29577
628.0 1.28431
629.0 1.29067
630.0 1.29477
631.0 1.29494
632.0 1.29527
633.0 1.29589
634.0 1.29802
635.0 1.30177
636.0 1.30483
637.0 1.30527
638.0 1.30303
639.0 1.30071
640.0 1.29866
641.0 1.2965
642.0 1.29368
643.0 1.28768
644.0 1.28004
645.0 1.26995
646.0 1.25663
647.0 1.24667
648.0 1.24046
649.0 1.23797
650.0 1.23947
651.0 1.23929
652.0 1.23729
653.0 1.23076
654.0 1.21142
655.0 1.19777
656.0 1.19482
657.0 1.19497
658.0 1.20012
659.0 1.20885
660.0 1.22536
661.0 1.25009
662.0 1.2647
663.0 1.26742
664.0 1.26703
665.0 1.26533
666.0 1.26513
667.0 1.26396
668.0 1.26054
669.0 1.25717
670.0 1.25539
671.0 1.2543
672.0 1.2519
673.0 1.24859
674.0 1.24702
675.0 1.24645
676.0 1.24499
677.0 1.24278
678.0 1.24068
679.0 1.23845
680.0 1.23533
681.0 1.23057
682.0 1.22494
683.0 1.22091
684.0 1.21795
685.0 1.21527
686.0 1.20176
687.0 1.08675
688.0 1.07656
689.0 1.11374
690.0 1.11032
691.0 1.13095
692.0 1.13631
693.0 1.1336
694.0 1.12749
695.0 1.1231
696.0 1.12096
697.0 1.11876
698.0 1.11312
699.0 1.10614
700.0 1.1019
701.0 1.10084
702.0 1.10198
703.0 1.10486
704.0 1.11036
705.0 1.11532
706.0 1.11877
707.0 1.12183
708.0 1.12322
709.0 1.12289
710.0 1.12237
711.0 1.12168
712.0 1.11958
713.0 1.11123
714.0 1.09436
715.0 1.06845
716.0 1.03363
717.0 0.99685
718.0 0.96886
719.0 0.95321
720.0 0.94858
721.0 0.95642
722.0 0.96888
723.0 0.97584
724.0 0.9757
725.0 0.97416
726.0 0.96762
727.0 0.96191
728.0 0.96226
729.0 0.96928
730.0 0.97781
731.0 0.98981
732.0 1.00558
733.0 1.02242
734.0 1.03558
735.0 1.04357
736.0 1.04708
737.0 1.04871
738.0 1.04975
739.0 1.05338
740.0 1.05966
741.0 1.06575
742.0 1.07164
743.0 1.07796
744.0 1.0848
745.0 1.09083
746.0 1.09329
747.0 1.09296
748.0 1.09191
749.0 1.09079
750.0 1.08891
751.0 1.0865
752.0 1.08468
753.0 1.08305
754.0 1.08144
755.0 1.07988
756.0 1.07777
757.0 1.07548
758.0 1.06767
759.0 0.88578
760.0 0.63141
761.0 0.55871
762.0 0.66964
763.0 0.72237
764.0 0.72306
765.0 0.81372
766.0 0.88907
767.0 0.94696
768.0 0.99467
769.0 1.01395
770.0 1.02941
771.0 1.03727
772.0 1.03923
773.0 1.03894
774.0 1.03883
775.0 1.03788
776.0 1.03603
777.0 1.0337
778.0 1.03254
779.0 1.03196
780.0 1.03017
781.0 1.02807
782.0 1.02658
783.0 1.02458
784.0 1.02152
785.0 1.01676
786.0 1.0108
787.0 1.00341
788.0 0.99469
789.0 0.98567
790.0 0.97837
791.0 0.97367
792.0 0.96996
793.0 0.96807
794.0 0.96857
795.0 0.96745
796.0 0.96436
797.0 0.96239
798.0 0.96169
799.0 0.95997
800.0 0.95661
801.0 0.95278
802.0 0.95023
803.0 0.94995
804.0 0.95114
805.0 0.95096
806.0 0.94896
807.0 0.94729
808.0 0.94506
809.0 0.9411
810.0 0.93395
811.0 0.9232
812.0 0.91062
813.0 0.89699
814.0 0.88085
815.0 0.8577
816.0 0.84021
817.0 0.83094
818.0 0.82906
819.0 0.82909
820.0 0.83181
821.0 0.83614
822.0 0.84371
823.0 0.84749
824.0 0.85473
825.0 0.86003
826.0 0.86258
827.0 0.86526
828.0 0.86657
829.0 0.86373
830.0 0.8599
831.0 0.85952
832.0 0.86186
833.0 0.86563
834.0 0.86932
835.0 0.87199
836.0 0.87501
837.0 0.87957
838.0 0.88287
839.0 0.88387
840.0 0.884
841.0 0.88491
842.0 0.88735
843.0 0.8904
844.0 0.89227
845.0 0.88998
846.0 0.88472
847.0 0.88109
848.0 0.87785
849.0 0.87173
850.0 0.86417
851.0 0.85242
852.0 0.83742
853.0 0.835
854.0 0.83943
855.0 0.8415
856.0 0.84484
857.0 0.85004
858.0 0.86098
859.0 0.87796
860.0 0.88618
861.0 0.88377
862.0 0.88021
863.0 0.87157
864.0 0.8571
865.0 0.84808
866.0 0.84441
867.0 0.84167
868.0 0.84211
869.0 0.84378
870.0 0.85058
871.0 0.86343
872.0 0.87083
873.0 0.87284
874.0 0.8738
875.0 0.87182
876.0 0.86868
877.0 0.86604
878.0 0.8631
879.0 0.85913
880.0 0.85404
881.0 0.84993
882.0 0.84831
883.0 0.84724
884.0 0.84518
885.0 0.84301
886.0 0.84181
887.0 0.84147
888.0 0.83927
889.0 0.83442
890.0 0.82806
891.0 0.82021
892.0 0.80782
893.0 0.79066
894.0 0.76947
895.0 0.74312
896.0 0.71348
897.0 0.6843
898.0 0.65849
899.0 0.63796
900.0 0.62687
901.0 0.6251
902.0 0.63149
903.0 0.64299
904.0 0.65431
905.0 0.65639
906.0 0.64766
907.0 0.63266
908.0 0.61719
909.0 0.60236
910.0 0.59144
911.0 0.5856
912.0 0.58312
913.0 0.58193
914.0 0.58313
915.0 0.58741
916.0 0.59394
917.0 0.6026
918.0 0.6131
919.0 0.62468
920.0 0.63249
921.0 0.6362
922.0 0.63607
923.0 0.63129
924.0 0.62195
925.0 0.61144
926.0 0.59698
927.0 0.57489
928.0 0.54461
929.0 0.50755
930.0 0.46151
931.0 0.41109
932.0 0.36131
933.0 0.31584
934.0 0.27963
935.0 0.26434
936.0 0.27094
937.0 0.29391
938.0 0.32697
939.0 0.36049
940.0 0.38246
941.0 0.38913
942.0 0.38248
943.0 0.36727
944.0 0.35244
945.0 0.34356
946.0 0.34244
947.0 0.34997
948.0 0.36066
949.0 0.36851
950.0 0.37558
951.0 0.38175
952.0 0.38404
953.0 0.38785
954.0 0.39644
955.0 0.40496
956.0 0.41494
957.0 0.42801
958.0 0.44005
959.0 0.44816
960.0 0.45452
961.0 0.4597
962.0 0.46472
963.0 0.47185
964.0 0.48334
965.0 0.49942
966.0 0.51902
967.0 0.54051
968.0 0.56126
969.0 0.57813
970.0 0.58919
971.0 0.59304
972.0 0.58883
973.0 0.58106
974.0 0.57462
975.0 0.57179
976.0 0.57369
977.0 0.5796
978.0 0.5878
979.0 0.59827
980.0 0.60914
981.0 0.61864
982.0 0.62767
983.0 0.63642
984.0 0.64524
985.0 0.65413
986.0 0.6622
987.0 0.6686
988.0 0.67292
989.0 0.67452
990.0 0.67572
991.0 0.67765
992.0 0.6789
993.0 0.67841
994.0 0.67702
995.0 0.67539
996.0 0.67378
997.0 0.67219
998.0 0.66965
999.0 0.66693
1000.0 0.66499
1001.0 0.6637
1002.0 0.66247
1003.0 0.66151
1004.0 0.6607
1005.0 0.65966
1006.0 0.65801
1007.0 0.65615
1008.0 0.65415
1009.0 0.6528
1010.0 0.65258
1011.0 0.65325
1012.0 0.65392
1013.0 0.65443
1014.0 0.65426
1015.0 0.65315
1016.0 0.65122
1017.0 0.64886
1018.0 0.64616
1019.0 0.64289
1020.0 0.63881
1021.0 0.63602
1022.0 0.63404
1023.0 0.63234
1024.0 0.63112
1025.0 0.63075
1026.0 0.63111
1027.0 0.63184
1028.0 0.63143
1029.0 0.63038
1030.0 0.62931
1031.0 0.62854
1032.0 0.62794
1033.0 0.62764
1034.0 0.62785
1035.0 0.62842
1036.0 0.62894
1037.0 0.62903
1038.0 0.62861
1039.0 0.62767
1040.0 0.62604
1041.0 0.62466
1042.0 0.62365
1043.0 0.6232
1044.0 0.62306
1045.0 0.62266
1046.0 0.62144
1047.0 0.62056
1048.0 0.6193
1049.0 0.61649
1050.0 0.61325
1051.0 0.60997
1052.0 0.60671
1053.0 0.60393
1054.0 0.60083
1055.0 0.59794
1056.0 0.59551
1057.0 0.59259
1058.0 0.58996
1059.0 0.58818
1060.0 0.587
1061.0 0.58627
1062.0 0.58537
1063.0 0.58415
1064.0 0.58294
1065.0 0.58202
1066.0 0.58093
1067.0 0.57916
1068.0 0.57711
1069.0 0.57461
1070.0 0.57099
1071.0 0.56738
1072.0 0.56474
1073.0 0.56222
1074.0 0.56083
1075.0 0.5591
1076.0 0.55613
1077.0 0.55389
1078.0 0.55026
1079.0 0.54487
1080.0 0.54101
1081.0 0.5382
1082.0 0.5343
1083.0 0.52913
1084.0 0.52317
1085.0 0.51897
1086.0 0.5178
1087.0 0.51814
1088.0 0.5173
1089.0 0.51503
1090.0 0.5113
1091.0 0.50499
1092.0 0.49756
1093.0 0.48861
1094.0 0.48068
1095.0 0.47479
1096.0 0.46714
1097.0 0.45333
1098.0 0.43578
1099.0 0.42124
1100.0 0.41097
1101.0 0.39336
1102.0 0.3944
1103.0 0.39451
1104.0 0.39007
1105.0 0.38325
1106.0 0.37725
1107.0 0.37447
1108.0 0.37431
1109.0 0.37742
1110.0 0.37674
1111.0 0.3681
1112.0 0.35207
1113.0 0.33365
1114.0 0.30911
1115.0 0.27845
1116.0 0.24629
1117.0 0.21057
1118.0 0.1787
1119.0 0.15218
1120.0 0.13062
1121.0 0.11512
1122.0 0.10853
1123.0 0.10768
1124.0 0.10757
1125.0 0.11098
1126.0 0.11238
1127.0 0.11381
1128.0 0.12069
1129.0 0.13796
1130.0 0.16105
1131.0 0.17857
1132.0 0.16528
1133.0 0.13147
1134.0 0.11494
1135.0 0.11175
1136.0 0.12265
1137.0 0.15684
1138.0 0.20592
1139.0 0.23772
1140.0 0.24111
1141.0 0.2333
1142.0 0.21688
1143.0 0.19631
1144.0 0.17819
1145.0 0.1674
1146.0 0.16477
1147.0 0.16969
1148.0 0.18148
1149.0 0.19446
1150.0 0.20619
1151.0 0.21295
1152.0 0.2179
1153.0 0.22468
1154.0 0.23391
1155.0 0.24709
1156.0 0.26337
1157.0 0.28564
1158.0 0.3098
1159.0 0.32989
1160.0 0.34427
1161.0 0.35605
1162.0 0.36762
1163.0 0.3785
1164.0 0.38731
1165.0 0.39248
1166.0 0.39435
1167.0 0.395
1168.0 0.39629
1169.0 0.39788
1170.0 0.40004
1171.0 0.401
1172.0 0.40022
1173.0 0.40038
1174.0 0.40112
1175.0 0.40128
1176.0 0.40118
1177.0 0.40228
1178.0 0.40064
1179.0 0.39599
1180.0 0.38989
1181.0 0.38504
1182.0 0.38101
1183.0 0.3791
1184.0 0.38006
1185.0 0.38093
1186.0 0.38041
1187.0 0.37979
1188.0 0.38004
1189.0 0.38078
1190.0 0.38592
1191.0 0.39363
1192.0 0.40006
1193.0 0.40257
1194.0 0.402
1195.0 0.39761
1196.0 0.39244
1197.0 0.3872
1198.0 0.38326
1199.0 0.38064
1200.0 0.3807
1201.0 0.38139
1202.0 0.38308
1203.0 0.38605
1204.0 0.39041
1205.0 0.39356
1206.0 0.39645
1207.0 0.39817
1208.0 0.39691
1209.0 0.39337
1210.0 0.39117
1211.0 0.39002
1212.0 0.39059
1213.0 0.39249
1214.0 0.39567
1215.0 0.39894
1216.0 0.40252
1217.0 0.40585
1218.0 0.40932
1219.0 0.41179
1220.0 0.41304
1221.0 0.41301
1222.0 0.41275
1223.0 0.4124
1224.0 0.41248
1225.0 0.41271
1226.0 0.41325
1227.0 0.41399
1228.0 0.41548
1229.0 0.41684
1230.0 0.4183
1231.0 0.41943
1232.0 0.42035
1233.0 0.42085
1234.0 0.42131
1235.0 0.42183
1236.0 0.42251
1237.0 0.42298
1238.0 0.42297
1239.0 0.42247
1240.0 0.42174
1241.0 0.42102
1242.0 0.42001
1243.0 0.41882
1244.0 0.41805
1245.0 0.41778
1246.0 0.4173
1247.0 0.41701
1248.0 0.41691
1249.0 0.41638
1250.0 0.41576
1251.0 0.4147
1252.0 0.41353
1253.0 0.41212
1254.0 0.4111
1255.0 0.41016
1256.0 0.40925
1257.0 0.40845
1258.0 0.40768
1259.0 0.40673
1260.0 0.40558
1261.0 0.40436
1262.0 0.4032
1263.0 0.40219
1264.0 0.40085
1265.0 0.39969
1266.0 0.39889
1267.0 0.39802
1268.0 0.39709
1269.0 0.39645
1270.0 0.39568
1271.0 0.39506
1272.0 0.39451
1273.0 0.39387
1274.0 0.39301
1275.0 0.39202
1276.0 0.39062
1277.0 0.38822
1278.0 0.38358
1279.0 0.37831
1280.0 0.37322
1281.0 0.36841
1282.0 0.36471
1283.0 0.36557
1284.0 0.36755
1285.0 0.36908
1286.0 0.36942
1287.0 0.3689
1288.0 0.3665
1289.0 0.36407
1290.0 0.36194
1291.0 0.36084
1292.0 0.36002
1293.0 0.35831
1294.0 0.35499
1295.0 0.35117
1296.0 0.3472
1297.0 0.34333
1298.0 0.33987
1299.0 0.33714
1300.0 0.33418
1301.0 0.33074
1302.0 0.32651
1303.0 0.32227
1304.0 0.31833
1305.0 0.3144
1306.0 0.31027
1307.0 0.30624
1308.0 0.30256
1309.0 0.29863
1310.0 0.2928
1311.0 0.28518
1312.0 0.27729
1313.0 0.27127
1314.0 0.26794
1315.0 0.26496
1316.0 0.26198
1317.0 0.25747
1318.0 0.25127
1319.0 0.2448
1320.0 0.23897
1321.0 0.23512
1322.0 0.23382
1323.0 0.23434
1324.0 0.23431
1325.0 0.22886
1326.0 0.2157
1327.0 0.19702
1328.0 0.17665
1329.0 0.15778
1330.0 0.14478
1331.0 0.13723
1332.0 0.13446
1333.0 0.13555
1334.0 0.13966
1335.0 0.14629
1336.0 0.15376
1337.0 0.1609
1338.0 0.16636
1339.0 0.17104
1340.0 0.17483
1341.0 0.17608
1342.0 0.17192
1343.0 0.15931
1344.0 0.13953
1345.0 0.1156
1346.0 0.09118
1347.0 0.07062
1348.0 0.05253
1349.0 0.03787
1350.0 0.02567
1351.0 0.0167
1352.0 0.01073
1353.0 0.00691
1354.0 0.00458
1355.0 0.00293
1356.0 0.00176
1357.0 0.00093
1358.0 0.00046
1359.0 0.00023
1360.0 0.00013
1361.0 9e-05
1362.0 7e-05
1363.0 7e-05
1364.0 7e-05
1365.0 8e-05
1366.0 9e-05
1367.0 9e-05
1368.0 0.0001
1369.0 0.00013
1370.0 0.00018
1371.0 0.00031
1372.0 0.00061
1373.0 0.00129
1374.0 0.00266
1375.0 0.00429
1376.0 0.00477
1377.0 0.0036
1378.0 0.00198
1379.0 0.00093
1380.0 0.00044
1381.0 0.00026
1382.0 0.00019
1383.0 0.00018
1384.0 0.00021
1385.0 0.00031
1386.0 0.0006
1387.0 0.00127
1388.0 0.00234
1389.0 0.00366
1390.0 0.00449
1391.0 0.00434
1392.0 0.00357
1393.0 0.00292
1394.0 0.0026
1395.0 0.00245
1396.0 0.00241
1397.0 0.00253
1398.0 0.00289
1399.0 0.00357
1400.0 0.00432
1401.0 0.0048
1402.0 0.00502
1403.0 0.00525
1404.0 0.00553
1405.0 0.006
1406.0 0.00658
1407.0 0.0072
1408.0 0.0082
1409.0 0.00963
1410.0 0.01163
1411.0 0.01444
1412.0 0.01757
1413.0 0.02088
1414.0 0.02366
1415.0 0.02533
1416.0 0.02658
1417.0 0.02778
1418.0 0.02952
1419.0 0.03168
1420.0 0.03345
1421.0 0.03507
1422.0 0.03642
1423.0 0.0377
1424.0 0.03929
1425.0 0.04068
1426.0 0.04166
1427.0 0.04276
1428.0 0.04369
1429.0 0.04432
1430.0 0.04499
1431.0 0.04527
1432.0 0.045
1433.0 0.04479
1434.0 0.04438
1435.0 0.04447
1436.0 0.04562
1437.0 0.04724
1438.0 0.04926
1439.0 0.05172
1440.0 0.05302
1441.0 0.05432
1442.0 0.05552
1443.0 0.05627
1444.0 0.05759
1445.0 0.05865
1446.0 0.0592
1447.0 0.05935
1448.0 0.05939
1449.0 0.06006
1450.0 0.06166
1451.0 0.06397
1452.0 0.06728
1453.0 0.07197
1454.0 0.07863
1455.0 0.08706
1456.0 0.09582
1457.0 0.10276
1458.0 0.10613
1459.0 0.10616
1460.0 0.10318
1461.0 0.09887
1462.0 0.09358
1463.0 0.08733
1464.0 0.08166
1465.0 0.07629
1466.0 0.07039
1467.0 0.06517
1468.0 0.06155
1469.0 0.06002
1470.0 0.06045
1471.0 0.06282
1472.0 0.06659
1473.0 0.07165
1474.0 0.07834
1475.0 0.08624
1476.0 0.09198
1477.0 0.09519
1478.0 0.0962
1479.0 0.09591
1480.0 0.0955
1481.0 0.09553
1482.0 0.09616
1483.0 0.09773
1484.0 0.1003
1485.0 0.10408
1486.0 0.10854
1487.0 0.1137
1488.0 0.11959
1489.0 0.1279
1490.0 0.13796
1491.0 0.14921
1492.0 0.15967
1493.0 0.16873
1494.0 0.17505
1495.0 0.17979
1496.0 0.18454
1497.0 0.19036
1498.0 0.19573
1499.0 0.20022
1500.0 0.20375
1501.0 0.20535
1502.0 0.20514
1503.0 0.20424
1504.0 0.20437
1505.0 0.2051
1506.0 0.20754
1507.0 0.21183
1508.0 0.2169
1509.0 0.22165
1510.0 0.22548
1511.0 0.22797
1512.0 0.22924
1513.0 0.23017
1514.0 0.2309
1515.0 0.23204
1516.0 0.23335
1517.0 0.23495
1518.0 0.23677
1519.0 0.23857
1520.0 0.24025
1521.0 0.2417
1522.0 0.24332
1523.0 0.24489
1524.0 0.24618
1525.0 0.24711
1526.0 0.24766
1527.0 0.24785
1528.0 0.24795
1529.0 0.24821
1530.0 0.24847
1531.0 0.24965
1532.0 0.2508
1533.0 0.25188
1534.0 0.25265
1535.0 0.25365
1536.0 0.25378
1537.0 0.25358
1538.0 0.25312
1539.0 0.25295
1540.0 0.25261
1541.0 0.25285
1542.0 0.25348
1543.0 0.25417
1544.0 0.25442
1545.0 0.25453
1546.0 0.25403
1547.0 0.25315
1548.0 0.25234
1549.0 0.2521
1550.0 0.25164
1551.0 0.25125
1552.0 0.25081
1553.0 0.2502
1554.0 0.24913
1555.0 0.24863
1556.0 0.24816
1557.0 0.24827
1558.0 0.24848
1559.0 0.24875
1560.0 0.24855
1561.0 0.24854
1562.0 0.2479
1563.0 0.24702
1564.0 0.24603
1565.0 0.24534
1566.0 0.24426
1567.0 0.24372
1568.0 0.24356
1569.0 0.24368
1570.0 0.24366
1571.0 0.24335
1572.0 0.24264
1573.0 0.24067
1574.0 0.23845
1575.0 0.23615
1576.0 0.23517
1577.0 0.23438
1578.0 0.2354
1579.0 0.2365
1580.0 0.23756
1581.0 0.23778
1582.0 0.23781
1583.0 0.23713
1584.0 0.23627
1585.0 0.23467
1586.0 0.23265
1587.0 0.2302
1588.0 0.22774
1589.0 0.22584
1590.0 0.2259
1591.0 0.22694
1592.0 0.22869
1593.0 0.23049
1594.0 0.23201
1595.0 0.23232
1596.0 0.23211
1597.0 0.23199
1598.0 0.23189
1599.0 0.23152
1600.0 0.23151
1601.0 0.23136
1602.0 0.23115
1603.0 0.23085
1604.0 0.23089
1605.0 0.2307
1606.0 0.23018
1607.0 0.22933
1608.0 0.22833
1609.0 0.22709
1610.0 0.22567
1611.0 0.22531
1612.0 0.22484
1613.0 0.22445
1614.0 0.22422
1615.0 0.22429
1616.0 0.22347
1617.0 0.22312
1618.0 0.22302
1619.0 0.22293
1620.0 0.22289
1621.0 0.22331
1622.0 0.22392
1623.0 0.22456
1624.0 0.22523
1625.0 0.22575
1626.0 0.22612
1627.0 0.22589
1628.0 0.22549
1629.0 0.22489
1630.0 0.22399
1631.0 0.2232
1632.0 0.22235
1633.0 0.22107
1634.0 0.21959
1635.0 0.21819
1636.0 0.21626
1637.0 0.21398
1638.0 0.21205
1639.0 0.21069
1640.0 0.20972
1641.0 0.20923
1642.0 0.20937
1643.0 0.20995
1644.0 0.21041
1645.0 0.21079
1646.0 0.21127
1647.0 0.21141
1648.0 0.21117
1649.0 0.21078
1650.0 0.21056
1651.0 0.21006
1652.0 0.20986
1653.0 0.20968
1654.0 0.20969
1655.0 0.20937
1656.0 0.20931
1657.0 0.20906
1658.0 0.2089
1659.0 0.20862
1660.0 0.20856
1661.0 0.20825
1662.0 0.20776
1663.0 0.20717
1664.0 0.20648
1665.0 0.20562
1666.0 0.20499
1667.0 0.20467
1668.0 0.20409
1669.0 0.20359
1670.0 0.20318
1671.0 0.20245
1672.0 0.20129
1673.0 0.20064
1674.0 0.20001
1675.0 0.19921
1676.0 0.1983
1677.0 0.19718
1678.0 0.19555
1679.0 0.19376
1680.0 0.1922
1681.0 0.19134
1682.0 0.19146
1683.0 0.19223
1684.0 0.19332
1685.0 0.19425
1686.0 0.19464
1687.0 0.19467
1688.0 0.19441
1689.0 0.19404
1690.0 0.19391
1691.0 0.19397
1692.0 0.19391
1693.0 0.1937
1694.0 0.19348
1695.0 0.19306
1696.0 0.19245
1697.0 0.19177
1698.0 0.1911
1699.0 0.1901
1700.0 0.18904
1701.0 0.18808
1702.0 0.18718
1703.0 0.1863
1704.0 0.18569
1705.0 0.18511
1706.0 0.1845
1707.0 0.18333
1708.0 0.18214
1709.0 0.18124
1710.0 0.18054
1711.0 0.17997
1712.0 0.18057
1713.0 0.18121
1714.0 0.18154
1715.0 0.18167
1716.0 0.18137
1717.0 0.18021
1718.0 0.17894
1719.0 0.17733
1720.0 0.17557
1721.0 0.17406
1722.0 0.17296
1723.0 0.17178
1724.0 0.17095
1725.0 0.1706
1726.0 0.17034
1727.0 0.16995
1728.0 0.16959
1729.0 0.16885
1730.0 0.1677
1731.0 0.16587
1732.0 0.16351
1733.0 0.16061
1734.0 0.1582
1735.0 0.15627
1736.0 0.15465
1737.0 0.15392
1738.0 0.15428
1739.0 0.15461
1740.0 0.15495
1741.0 0.15512
1742.0 0.15516
1743.0 0.15461
1744.0 0.15407
1745.0 0.15339
1746.0 0.15296
1747.0 0.15236
1748.0 0.15216
1749.0 0.15184
1750.0 0.15163
1751.0 0.15122
1752.0 0.15111
1753.0 0.15096
1754.0 0.15085
1755.0 0.15052
1756.0 0.15014
1757.0 0.1493
1758.0 0.14801
1759.0 0.14658
1760.0 0.14459
1761.0 0.14262
1762.0 0.14083
1763.0 0.13961
1764.0 0.13843
1765.0 0.13732
1766.0 0.1362
1767.0 0.13502
1768.0 0.13361
1769.0 0.13196
1770.0 0.13009
1771.0 0.12816
1772.0 0.12614
1773.0 0.12396
1774.0 0.12116
1775.0 0.11831
1776.0 0.11545
1777.0 0.11265
1778.0 0.11003
1779.0 0.10762
1780.0 0.10569
1781.0 0.10403
1782.0 0.10286
1783.0 0.10189
1784.0 0.10111
1785.0 0.10014
1786.0 0.09901
1787.0 0.09742
1788.0 0.09514
1789.0 0.09256
1790.0 0.08938
1791.0 0.0859
1792.0 0.08217
1793.0 0.07773
1794.0 0.07312
1795.0 0.06791
1796.0 0.06228
1797.0 0.05695
1798.0 0.05214
1799.0 0.04801
1800.0 0.04441
1801.0 0.04112
1802.0 0.03824
1803.0 0.03569
1804.0 0.03319
1805.0 0.03079
1806.0 0.02823
1807.0 0.02594
1808.0 0.02397
1809.0 0.02198
1810.0 0.0201
1811.0 0.01795
1812.0 0.01599
1813.0 0.01418
1814.0 0.01238
1815.0 0.01079
1816.0 0.0094
1817.0 0.00835
1818.0 0.00758
1819.0 0.00691
1820.0 0.00629
1821.0 0.00556
1822.0 0.00486
1823.0 0.00418
1824.0 0.00338
1825.0 0.00268
1826.0 0.00203
1827.0 0.00153
1828.0 0.00115
1829.0 0.00079
1830.0 0.00054
1831.0 0.00034
1832.0 0.00022
1833.0 0.00014
1834.0 0.0001
1835.0 7e-05
1836.0 6e-05
1837.0 5e-05
1838.0 4e-05
1839.0 4e-05
1840.0 4e-05
1841.0 4e-05
1842.0 5e-05
1843.0 5e-05
1844.0 6e-05
1845.0 7e-05
1846.0 7e-05
1847.0 8e-05
1848.0 8e-05
1849.0 8e-05
1850.0 7e-05
1851.0 7e-05
1852.0 6e-05
1853.0 6e-05
1854.0 7e-05
1855.0 7e-05
1856.0 9e-05
1857.0 0.0001
1858.0 0.00012
1859.0 0.00015
1860.0 0.00018
1861.0 0.0002
1862.0 0.00023
1863.0 0.00021
1864.0 0.00018
1865.0 0.00012
1866.0 8e-05
1867.0 4e-05
1868.0 3e-05
1869.0 2e-05
1870.0 1e-05
1871.0 1e-05
1872.0 1e-05
1873.0 1e-05
1874.0 1e-05
1875.0 1e-05
1876.0 2e-05
1877.0 3e-05
1878.0 4e-05
1879.0 9e-05
1880.0 0.00018
1881.0 0.00033
1882.0 0.00055
1883.0 0.00082
1884.0 0.00102
1885.0 0.00121
1886.0 0.00126
1887.0 0.0013
1888.0 0.00128
1889.0 0.00123
1890.0 0.00115
1891.0 0.00103
1892.0 0.00092
1893.0 0.00075
1894.0 0.00062
1895.0 0.00047
1896.0 0.00036
1897.0 0.00028
1898.0 0.00022
1899.0 0.00018
1900.0 0.00016
1901.0 0.00014
1902.0 0.00014
1903.0 0.00013
1904.0 0.00013
1905.0 0.00013
1906.0 0.00013
1907.0 0.00015
1908.0 0.00017
1909.0 0.00021
1910.0 0.00026
1911.0 0.00033
1912.0 0.00042
1913.0 0.00051
1914.0 0.00062
1915.0 0.00073
1916.0 0.00087
1917.0 0.00105
1918.0 0.00128
1919.0 0.00155
1920.0 0.00185
1921.0 0.00222
1922.0 0.00261
1923.0 0.00305
1924.0 0.0034
1925.0 0.00378
1926.0 0.00412
1927.0 0.00448
1928.0 0.00484
1929.0 0.00519
1930.0 0.00555
1931.0 0.00595
1932.0 0.00642
1933.0 0.00695
1934.0 0.00756
1935.0 0.00825
1936.0 0.00906
1937.0 0.00991
1938.0 0.01085
1939.0 0.01173
1940.0 0.01269
1941.0 0.01363
1942.0 0.01459
1943.0 0.01559
1944.0 0.01674
1945.0 0.01816
1946.0 0.0199
1947.0 0.02193
1948.0 0.02403
1949.0 0.02623
1950.0 0.02827
1951.0 0.03027
1952.0 0.03204
1953.0 0.03381
1954.0 0.03539
1955.0 0.03701
1956.0 0.03848
1957.0 0.03995
1958.0 0.04137
1959.0 0.04282
1960.0 0.04437
1961.0 0.04605
1962.0 0.04783
1963.0 0.04989
1964.0 0.05243
1965.0 0.05536
1966.0 0.05863
1967.0 0.0621
1968.0 0.06543
1969.0 0.06839
1970.0 0.07097
1971.0 0.07294
1972.0 0.07431
1973.0 0.07521
1974.0 0.07591
1975.0 0.07655
1976.0 0.07706
1977.0 0.0774
1978.0 0.07771
1979.0 0.07824
1980.0 0.07866
1981.0 0.0793
1982.0 0.08001
1983.0 0.08062
1984.0 0.08109
1985.0 0.08163
1986.0 0.08216
1987.0 0.08278
1988.0 0.08353
1989.0 0.0846
1990.0 0.08563
1991.0 0.0866
1992.0 0.08755
1993.0 0.08843
1994.0 0.0895
1995.0 0.09072
1996.0 0.09203
1997.0 0.09345
1998.0 0.09513
1999.0 0.09687
2000.0 0.09873
2001.0 0.10068
2002.0 0.10306
2003.0 0.10295
2004.0 0.10291
2005.0 0.10301
2006.0 0.10312
2007.0 0.10341
2008.0 0.1037
2009.0 0.10385
2010.0 0.10389
2011.0 0.1039
2012.0 0.1038
2013.0 0.10357
2014.0 0.10334
2015.0 0.1031
2016.0 0.10283
2017.0 0.10231
2018.0 0.10182
2019.0 0.10129
2020.0 0.10073
2021.0 0.10027
2022.0 0.10017
2023.0 0.10011
2024.0 0.1001
2025.0 0.10005
2026.0 0.09995
2027.0 0.09959
2028.0 0.09924
2029.0 0.0989
2030.0 0.09871
2031.0 0.09858
2032.0 0.09864
2033.0 0.0987
2034.0 0.09855
2035.0 0.09825
2036.0 0.09806
2037.0 0.09783
2038.0 0.09751
2039.0 0.09754
2040.0 0.09765
2041.0 0.09761
2042.0 0.09757
2043.0 0.09758
2044.0 0.09748
2045.0 0.09739
2046.0 0.09735
2047.0 0.09729
2048.0 0.09729
2049.0 0.09726
2050.0 0.09716
2051.0 0.09708
2052.0 0.09707
2053.0 0.09712
2054.0 0.09722
2055.0 0.09744
2056.0 0.09765
2057.0 0.09769
2058.0 0.09767
2059.0 0.0976
2060.0 0.09589
2061.0 0.0924
2062.0 0.09012
2063.0 0.08836
2064.0 0.08673
2065.0 0.08567
2066.0 0.08462
2067.0 0.08352
2068.0 0.08245
2069.0 0.08157
2070.0 0.08055
2071.0 0.07989
2072.0 0.07933
2073.0 0.07893
2074.0 0.07859
2075.0 0.07847
2076.0 0.07879
2077.0 0.07908
2078.0 0.07929
2079.0 0.07945
2080.0 0.07959
2081.0 0.07978
2082.0 0.07996
2083.0 0.08014
2084.0 0.08035
2085.0 0.08056
2086.0 0.08076
2087.0 0.08089
2088.0 0.08087
2089.0 0.08071
2090.0 0.0805
2091.0 0.08013
2092.0 0.07978
2093.0 0.07973
2094.0 0.07973
2095.0 0.07981
2096.0 0.08014
2097.0 0.08055
2098.0 0.08096
2099.0 0.0814
2100.0 0.08197
2101.0 0.08245
2102.0 0.0829
2103.0 0.08335
2104.0 0.08373
2105.0 0.08408
2106.0 0.08424
2107.0 0.08434
2108.0 0.08438
2109.0 0.08432
2110.0 0.08428
2111.0 0.08442
2112.0 0.08456
2113.0 0.08458
2114.0 0.08461
2115.0 0.08461
2116.0 0.08446
2117.0 0.0843
2118.0 0.08427
2119.0 0.0842
2120.0 0.08399
2121.0 0.08391
2122.0 0.0838
2123.0 0.08362
2124.0 0.0834
2125.0 0.08335
2126.0 0.08319
2127.0 0.08301
2128.0 0.08291
2129.0 0.08277
2130.0 0.08254
2131.0 0.08231
2132.0 0.08195
2133.0 0.08154
2134.0 0.08114
2135.0 0.08076
2136.0 0.08038
2137.0 0.0803
2138.0 0.0804
2139.0 0.08048
2140.0 0.08061
2141.0 0.08071
2142.0 0.08064
2143.0 0.08055
2144.0 0.08046
2145.0 0.08034
2146.0 0.08025
2147.0 0.08026
2148.0 0.08028
2149.0 0.08025
2150.0 0.08022
2151.0 0.08016
2152.0 0.08005
2153.0 0.0799
2154.0 0.07961
2155.0 0.07933
2156.0 0.07911
2157.0 0.07888
2158.0 0.07864
2159.0 0.07839
2160.0 0.07807
2161.0 0.07767
2162.0 0.07683
2163.0 0.07585
2164.0 0.07485
2165.0 0.07393
2166.0 0.0733
2167.0 0.0736
2168.0 0.07424
2169.0 0.0751
2170.0 0.07593
2171.0 0.07666
2172.0 0.0769
2173.0 0.07689
2174.0 0.07674
2175.0 0.07639
2176.0 0.07602
2177.0 0.07568
2178.0 0.07538
2179.0 0.07503
2180.0 0.07491
2181.0 0.07477
2182.0 0.07465
2183.0 0.07451
2184.0 0.07448
2185.0 0.07428
2186.0 0.07404
2187.0 0.07381
2188.0 0.07357
2189.0 0.07341
2190.0 0.07341
2191.0 0.07352
2192.0 0.07366
2193.0 0.07379
2194.0 0.07388
2195.0 0.07388
2196.0 0.07386
2197.0 0.07383
2198.0 0.07382
2199.0 0.07379
2200.0 0.07377
2201.0 0.07375
2202.0 0.07365
2203.0 0.07342
2204.0 0.07318
2205.0 0.07286
2206.0 0.07255
2207.0 0.07247
2208.0 0.07266
2209.0 0.07291
2210.0 0.07334
2211.0 0.07375
2212.0 0.07403
2213.0 0.0741
2214.0 0.07413
2215.0 0.07407
2216.0 0.074
2217.0 0.07396
2218.0 0.07403
2219.0 0.07411
2220.0 0.07417
2221.0 0.07421
2222.0 0.07419
2223.0 0.07407
2224.0 0.07392
2225.0 0.07378
2226.0 0.07363
2227.0 0.07359
2228.0 0.07361
2229.0 0.0737
2230.0 0.07378
2231.0 0.07388
2232.0 0.07394
2233.0 0.07393
2234.0 0.07386
2235.0 0.07371
2236.0 0.07349
2237.0 0.07327
2238.0 0.07304
2239.0 0.07281
2240.0 0.07273
2241.0 0.0727
2242.0 0.07267
2243.0 0.07263
2244.0 0.07258
2245.0 0.07248
2246.0 0.07234
2247.0 0.07219
2248.0 0.07203
2249.0 0.07196
2250.0 0.07179
2251.0 0.07163
2252.0 0.07147
2253.0 0.07128
2254.0 0.07106
2255.0 0.07101
2256.0 0.07095
2257.0 0.07092
2258.0 0.07091
2259.0 0.07079
2260.0 0.07058
2261.0 0.07036
2262.0 0.07012
2263.0 0.06987
2264.0 0.06982
2265.0 0.06977
2266.0 0.06973
2267.0 0.06972
2268.0 0.06972
2269.0 0.06963
2270.0 0.06954
2271.0 0.06944
2272.0 0.06936
2273.0 0.06927
2274.0 0.06917
2275.0 0.06907
2276.0 0.06901
2277.0 0.0688
2278.0 0.06854
2279.0 0.06821
2280.0 0.06787
2281.0 0.06745
2282.0 0.06727
2283.0 0.06716
2284.0 0.06709
2285.0 0.06706
2286.0 0.06707
2287.0 0.06697
2288.0 0.06683
2289.0 0.0667
2290.0 0.06644
2291.0 0.06611
2292.0 0.06577
2293.0 0.06534
2294.0 0.06488
2295.0 0.06463
2296.0 0.06445
2297.0 0.06434
2298.0 0.0644
2299.0 0.06451
2300.0 0.06453
2301.0 0.06455
2302.0 0.06455
2303.0 0.06446
2304.0 0.06436
2305.0 0.06422
2306.0 0.06407
2307.0 0.06391
2308.0 0.0637
2309.0 0.06351
2310.0 0.06337
2311.0 0.06324
2312.0 0.06309
2313.0 0.06294
2314.0 0.06274
2315.0 0.0625
2316.0 0.06232
2317.0 0.06214
2318.0 0.06485
2319.0 0.06467
2320.0 0.06448
2321.0 0.0642
2322.0 0.06383
2323.0 0.06338
2324.0 0.06318
2325.0 0.06306
2326.0 0.06301
2327.0 0.06311
2328.0 0.06327
2329.0 0.06332
2330.0 0.06332
2331.0 0.06329
2332.0 0.0632
2333.0 0.06309
2334.0 0.06299
2335.0 0.06281
2336.0 0.0627
2337.0 0.06261
2338.0 0.06253
2339.0 0.06246
2340.0 0.06254
2341.0 0.06257
2342.0 0.06257
2343.0 0.06255
2344.0 0.0625
2345.0 0.0624
2346.0 0.0623
2347.0 0.06219
2348.0 0.06206
2349.0 0.06182
2350.0 0.06148
2351.0 0.0611
2352.0 0.0607
2353.0 0.06031
2354.0 0.06012
2355.0 0.06007
2356.0 0.06008
2357.0 0.06014
2358.0 0.06026
2359.0 0.06033
2360.0 0.06036
2361.0 0.06036
2362.0 0.06037
2363.0 0.06036
2364.0 0.06032
2365.0 0.06026
2366.0 0.06017
2367.0 0.06005
2368.0 0.0599
2369.0 0.05974
2370.0 0.0595
2371.0 0.05929
2372.0 0.05909
2373.0 0.05892
2374.0 0.05874
2375.0 0.05879
2376.0 0.05889
2377.0 0.05896
2378.0 0.05905
2379.0 0.05903
2380.0 0.05879
2381.0 0.05842
2382.0 0.05799
2383.0 0.05746
2384.0 0.05709
2385.0 0.05691
2386.0 0.05688
2387.0 0.05695
2388.0 0.0572
2389.0 0.05737
2390.0 0.0575
2391.0 0.05755
2392.0 0.05755
2393.0 0.05747
2394.0 0.05743
2395.0 0.05736
2396.0 0.05729
2397.0 0.05723
2398.0 0.05716
2399.0 0.05707
2400.0 0.05698
2401.0 0.05693
2402.0 0.05686
2403.0 0.05678
2404.0 0.05671
2405.0 0.05665
2406.0 0.05655
2407.0 0.05649
2408.0 0.05645
2409.0 0.0564
2410.0 0.05628
2411.0 0.0561
2412.0 0.05573
2413.0 0.05529
2414.0 0.05482
2415.0 0.05448
2416.0 0.05425
2417.0 0.05432
2418.0 0.05448
2419.0 0.05468
2420.0 0.05482
2421.0 0.05492
2422.0 0.05488
2423.0 0.05479
2424.0 0.05471
2425.0 0.05463
2426.0 0.05458
2427.0 0.05452
2428.0 0.05449
2429.0 0.05449
2430.0 0.05443
2431.0 0.05431
2432.0 0.05421
2433.0 0.05408
2434.0 0.05386
2435.0 0.05372
2436.0 0.05369
2437.0 0.05363
2438.0 0.05358
2439.0 0.05365
2440.0 0.05367
2441.0 0.05362
2442.0 0.05356
2443.0 0.05344
2444.0 0.05322
2445.0 0.05297
2446.0 0.05269
2447.0 0.05245
2448.0 0.05224
2449.0 0.05211
2450.0 0.05204
2451.0 0.05198
2452.0 0.05195
2453.0 0.05186
2454.0 0.05175
2455.0 0.05164
2456.0 0.05157
2457.0 0.05152
2458.0 0.05162
2459.0 0.05172
2460.0 0.05182
2461.0 0.05189
2462.0 0.05193
2463.0 0.05186
2464.0 0.05179
2465.0 0.05171
2466.0 0.05153
2467.0 0.05137
2468.0 0.05121
2469.0 0.05104
2470.0 0.05084
2471.0 0.05082
2472.0 0.05078
2473.0 0.05078
2474.0 0.0508
2475.0 0.05083
2476.0 0.05073
2477.0 0.05058
2478.0 0.05035
2479.0 0.05
2480.0 0.04974
2481.0 0.04955
2482.0 0.04946
2483.0 0.04934
2484.0 0.04941
2485.0 0.04941
2486.0 0.04938
2487.0 0.04933
2488.0 0.04946
2489.0 0.04949
2490.0 0.04955
2491.0 0.04958
2492.0 0.04959
2493.0 0.04948
2494.0 0.04939
2495.0 0.04929
2496.0 0.04921
2497.0 0.04916
2498.0 0.04914
2499.0 0.04912
2500.0 0.0491
