# HyperBlend compliance
# ------------------------------------------------------------------------
# Radiance spectrum
# NASA-GSFC Planetary Spectrum Generator (PSG) (Villanueva et al. 2018, 2022)
# Synthesized on Wed Feb 8 11:29:57 2023
# Doppler velocities [km/s] (vobs,vrot+vorb,vwidth,vrfl,vstr): 0.00000,0.00000,0.00000,0.00000,0.00000
# ------------------------------------------------------------------------
# Spectra synthesized with the Planetary and Universal Model of Atmospheric Scattering (PUMAS, Villanueva et al. 2018, 2022)
# Muliple scattering method employing PSGDORT, NMAX:1 / LMAX:2 / gMAX:0.00
# ------------------------------------------------------------------------
# Spectral unit: Wavelength[nm]
# Radiance unit: Spectral irradiance [W/m2/nm]
# Wave/freq Total Earth
400.0 9.3171464e-06
401.0 9.270805700000001e-06
402.0 9.22429e-06
403.0 9.1776107e-06
404.0 9.1307778e-06
405.0 9.083801400000002e-06
406.0 9.036692000000001e-06
407.0 8.9894591e-06
408.0 8.9421125e-06
409.0 8.8946614e-06
410.0 8.847115600000001e-06
411.0 8.7994836e-06
412.0 8.7517749e-06
413.0 8.703997700000001e-06
414.0 8.6561607e-06
415.0 8.6082725e-06
416.0 8.5603412e-06
417.0 8.5123746e-06
418.0 8.4643806e-06
419.0 8.4163668e-06
420.0 8.3683411e-06
421.0 8.320310500000001e-06
422.0 8.272282100000001e-06
423.0 8.2242633e-06
424.0 8.176260499999999e-06
425.0 8.1282805e-06
426.0 8.0803301e-06
427.0 8.0324153e-06
428.0 7.9845415e-06
429.0 7.936815e-06
430.0 7.8891976e-06
431.0 7.841612099999999e-06
432.0 7.7940163e-06
433.0 7.7464396e-06
434.0 7.6989334e-06
435.0 7.6514912e-06
436.0 7.6040919999999995e-06
437.0 7.5567574e-06
438.0 7.5094607e-06
439.0 7.4621723e-06
440.0 7.4148678e-06
441.0 7.3674926000000004e-06
442.0 7.319989300000001e-06
443.0 7.2723736e-06
444.0 7.2246962e-06
445.0 7.1766061e-06
446.0 7.127703e-06
447.0 7.0814738e-06
448.0 7.0381222000000005e-06
449.0 6.9949983e-06
450.0 6.9511988e-06
451.0 6.9067708e-06
452.0 6.8619742e-06
453.0 6.817e-06
454.0 6.7720215e-06
455.0 6.7271138999999995e-06
456.0 6.6823433e-06
457.0 6.6378287e-06
458.0 6.5933153e-06
459.0 6.5489421e-06
460.0 6.5046285e-06
461.0 6.4605529e-06
462.0 6.4165518e-06
463.0 6.3726803e-06
464.0 6.3287398999999995e-06
465.0 6.284956900000001e-06
466.0 6.241073e-06
467.0 6.1968452e-06
468.0 6.1522799e-06
469.0 6.1069811e-06
470.0 6.0605209e-06
471.0 6.0128639e-06
472.0 5.964072e-06
473.0 5.914667e-06
474.0 5.864513400000001e-06
475.0 5.8091215000000005e-06
476.0 5.7449218e-06
477.0 5.689205400000001e-06
478.0 5.6592597e-06
479.0 5.6391981999999996e-06
480.0 5.6202342e-06
481.0 5.5974288e-06
482.0 5.5690404999999995e-06
483.0 5.5364902e-06
484.0 5.5010215e-06
485.0 5.4636785e-06
486.0 5.4258954e-06
487.0 5.387537500000001e-06
488.0 5.3492996e-06
489.0 5.3110018e-06
490.0 5.272871000000001e-06
491.0 5.2349796999999995e-06
492.0 5.197080500000001e-06
493.0 5.159503600000001e-06
494.0 5.1222259e-06
495.0 5.0854703e-06
496.0 5.0485932e-06
497.0 5.0120644e-06
498.0 4.975666999999999e-06
499.0 4.9394832e-06
500.0 4.903513e-06
501.0 4.867757e-06
502.0 4.8322147999999996e-06
503.0 4.7968863e-06
504.0 4.7617715e-06
505.0 4.72687e-06
506.0 4.6921849000000004e-06
507.0 4.6577123999999996e-06
508.0 4.6234481e-06
509.0 4.5894022e-06
510.0 4.555558200000001e-06
511.0 4.5219257e-06
512.0 4.488507800000001e-06
513.0 4.4552873000000004e-06
514.0 4.4222735e-06
515.0 4.3894533000000005e-06
516.0 4.356824700000001e-06
517.0 4.3243827e-06
518.0 4.2921175e-06
519.0 4.2600229e-06
520.0 4.2280773e-06
521.0 4.1962607e-06
522.0 4.1645503000000005e-06
523.0 4.1329273e-06
524.0 4.101349e-06
525.0 4.0698006e-06
526.0 4.0383e-06
527.0 4.0068497e-06
528.0 3.9755125e-06
529.0 3.9443598e-06
530.0 3.9135428e-06
531.0 3.883177e-06
532.0 3.8533408e-06
533.0 3.8242361e-06
534.0 3.7965283e-06
535.0 3.7704105e-06
536.0 3.7442978e-06
537.0 3.7176123e-06
538.0 3.6905476e-06
539.0 3.6633448e-06
540.0 3.6361107e-06
541.0 3.6088917000000003e-06
542.0 3.5817509000000004e-06
543.0 3.5547221e-06
544.0 3.5278204e-06
545.0 3.5010734000000003e-06
546.0 3.4744934e-06
547.0 3.4480907e-06
548.0 3.4218674e-06
549.0 3.3957185e-06
550.0 3.3697625e-06
551.0 3.3438785000000002e-06
552.0 3.3182294e-06
553.0 3.2926655e-06
554.0 3.2672123e-06
555.0 3.2418941e-06
556.0 3.2167656e-06
557.0 3.1917233e-06
558.0 3.1667276000000003e-06
559.0 3.1417622999999998e-06
560.0 3.116924e-06
561.0 3.0919941e-06
562.0 3.0670137e-06
563.0 3.0419182e-06
564.0 3.0165675000000003e-06
565.0 2.9908971e-06
566.0 2.9647834000000003e-06
567.0 2.9380936e-06
568.0 2.9107769999999997e-06
569.0 2.8828348999999997e-06
570.0 2.8542785000000003e-06
571.0 2.8252822e-06
572.0 2.7964492e-06
573.0 2.7676169e-06
574.0 2.7395487999999998e-06
575.0 2.7129282e-06
576.0 2.6878796000000002e-06
577.0 2.6645184e-06
578.0 2.6439196e-06
579.0 2.6293531000000003e-06
580.0 2.6218826000000002e-06
581.0 2.6156132000000004e-06
582.0 2.6063343000000003e-06
583.0 2.5945469e-06
584.0 2.5806352e-06
585.0 2.565184e-06
586.0 2.5487499000000004e-06
587.0 2.5315993e-06
588.0 2.5139746e-06
589.0 2.4958287000000002e-06
590.0 2.4775549e-06
591.0 2.4591277e-06
592.0 2.4405698e-06
593.0 2.4220405000000002e-06
594.0 2.403569e-06
595.0 2.3851188000000003e-06
596.0 2.3668525000000002e-06
597.0 2.3486476e-06
598.0 2.33054e-06
599.0 2.3126474e-06
600.0 2.2948108999999998e-06
601.0 2.2773097000000002e-06
602.0 2.259685e-06
603.0 2.2422792e-06
604.0 2.2250363000000003e-06
605.0 2.2078597000000004e-06
606.0 2.1907428000000003e-06
607.0 2.1736751e-06
608.0 2.1567659000000002e-06
609.0 2.1399571e-06
610.0 2.1231942000000004e-06
611.0 2.1066171e-06
612.0 2.0900535e-06
613.0 2.0735434e-06
614.0 2.0570766e-06
615.0 2.0405891999999998e-06
616.0 2.0241087e-06
617.0 2.0076162e-06
618.0 1.9909833e-06
619.0 1.9742721e-06
620.0 1.9573479000000004e-06
621.0 1.9402094e-06
622.0 1.9228185e-06
623.0 1.9052419999999999e-06
624.0 1.8873649e-06
625.0 1.8696578e-06
626.0 1.852288e-06
627.0 1.8355018e-06
628.0 1.8193322e-06
629.0 1.8038022000000001e-06
630.0 1.789269e-06
631.0 1.7758552000000001e-06
632.0 1.7634302e-06
633.0 1.7519306000000002e-06
634.0 1.741403e-06
635.0 1.7321506e-06
636.0 1.7226285e-06
637.0 1.7126198e-06
638.0 1.7022402e-06
639.0 1.6915962e-06
640.0 1.6806842000000001e-06
641.0 1.6695716000000002e-06
642.0 1.6581596e-06
643.0 1.6465476e-06
644.0 1.6347963999999999e-06
645.0 1.6229482e-06
646.0 1.610968e-06
647.0 1.5989506e-06
648.0 1.5869438e-06
649.0 1.5749415000000001e-06
650.0 1.5629822e-06
651.0 1.5510960000000002e-06
652.0 1.5392993e-06
653.0 1.5275989e-06
654.0 1.5159802e-06
655.0 1.5044533000000002e-06
656.0 1.4930175e-06
657.0 1.4816721000000002e-06
658.0 1.4704165e-06
659.0 1.4592498e-06
660.0 1.4481716e-06
661.0 1.437181e-06
662.0 1.4262773e-06
663.0 1.4154599e-06
664.0 1.4047281000000002e-06
665.0 1.3940813e-06
666.0 1.3835188000000002e-06
667.0 1.3730399000000001e-06
668.0 1.3626441e-06
669.0 1.3523305e-06
670.0 1.3420986e-06
671.0 1.3318915e-06
672.0 1.3218028e-06
673.0 1.3118038e-06
674.0 1.3018828e-06
675.0 1.2920386e-06
676.0 1.2822701999999999e-06
677.0 1.2725768e-06
678.0 1.2629569000000002e-06
679.0 1.2534084000000001e-06
680.0 1.2439308e-06
681.0 1.2345216e-06
682.0 1.2251787e-06
683.0 1.2158999e-06
684.0 1.2066834e-06
685.0 1.1975286e-06
686.0 1.1884386e-06
687.0 1.1794239000000002e-06
688.0 1.1704968e-06
689.0 1.1616756e-06
690.0 1.1530136e-06
691.0 1.144464e-06
692.0 1.1359853e-06
693.0 1.1275622000000001e-06
694.0 1.1191884e-06
695.0 1.1108619e-06
696.0 1.1025869000000002e-06
697.0 1.094367e-06
698.0 1.0862027999999999e-06
699.0 1.078097e-06
700.0 1.0700508e-06
701.0 1.0620647e-06
702.0 1.0541397e-06
703.0 1.0462755e-06
704.0 1.0384909000000001e-06
705.0 1.0307445e-06
706.0 1.0230593000000002e-06
707.0 1.0154350000000002e-06
708.0 1.0078709e-06
709.0 1.0003666e-06
710.0 9.9292161e-07
711.0 9.855354900000001e-07
712.0 9.782077e-07
713.0 9.7093782e-07
714.0 9.637253200000001e-07
715.0 9.5656979e-07
716.0 9.494708100000001e-07
717.0 9.424278400000001e-07
718.0 9.3544044e-07
719.0 9.285082199999999e-07
720.0 9.216306599999999e-07
721.0 9.148073700000001e-07
722.0 9.0803785e-07
723.0 9.0131877e-07
724.0 8.946460300000001e-07
725.0 8.8803407e-07
726.0 8.814781500000001e-07
727.0 8.7496889e-07
728.0 8.6849982e-07
729.0 8.6207243e-07
730.0 8.5570004e-07
731.0 8.493924400000001e-07
732.0 8.4313865e-07
733.0 8.369224400000001e-07
734.0 8.307394100000001e-07
735.0 8.2459699e-07
736.0 8.1850284e-07
737.0 8.1246444e-07
738.0 8.0647853e-07
739.0 8.0052638e-07
740.0 7.9460145e-07
741.0 7.8871722e-07
742.0 7.8288332e-07
743.0 7.770957e-07
744.0 7.7134361e-07
745.0 7.6560637e-07
746.0 7.5987422e-07
747.0 7.541630400000001e-07
748.0 7.4848769e-07
749.0 7.428584500000001e-07
750.0 7.3727629e-07
751.0 7.3171557e-07
752.0 7.2615418e-07
753.0 7.206083600000001e-07
754.0 7.1507312e-07
755.0 7.0954862e-07
756.0 7.040798400000001e-07
757.0 6.985131600000001e-07
758.0 6.923572600000001e-07
759.0 6.8548301e-07
760.0 6.7878414e-07
761.0 6.7312375e-07
762.0 6.6820189e-07
763.0 6.630079000000001e-07
764.0 6.575975e-07
765.0 6.5317767e-07
766.0 6.502971e-07
767.0 6.4800704e-07
768.0 6.4515338e-07
769.0 6.414712400000001e-07
770.0 6.3735798e-07
771.0 6.3311747e-07
772.0 6.2880578e-07
773.0 6.2444423e-07
774.0 6.2007e-07
775.0 6.1569218e-07
776.0 6.1131802e-07
777.0 6.069653200000001e-07
778.0 6.026331000000001e-07
779.0 5.9832486e-07
780.0 5.940479e-07
781.0 5.8980421e-07
782.0 5.855923e-07
783.0 5.814106e-07
784.0 5.7725733e-07
785.0 5.7313175e-07
786.0 5.6903509e-07
787.0 5.6496892e-07
788.0 5.6093375e-07
789.0 5.569302800000001e-07
790.0 5.5295884e-07
791.0 5.4901832e-07
792.0 5.4510724e-07
793.0 5.4122579e-07
794.0 5.3737421e-07
795.0 5.335522800000001e-07
796.0 5.2975978e-07
797.0 5.259964600000001e-07
798.0 5.2226203e-07
799.0 5.1855632e-07
800.0 5.1487911e-07
801.0 5.1123008e-07
802.0 5.0760909e-07
803.0 5.040158600000001e-07
804.0 5.004502099999999e-07
805.0 4.969118800000001e-07
806.0 4.934006300000001e-07
807.0 4.899163e-07
808.0 4.864586500000001e-07
809.0 4.8302745e-07
810.0 4.7962251e-07
811.0 4.7624354e-07
812.0 4.7289041e-07
813.0 4.6956295e-07
814.0 4.6626083000000004e-07
815.0 4.6298393e-07
816.0 4.5973200000000006e-07
817.0 4.5650488e-07
818.0 4.5330234e-07
819.0 4.5012421999999997e-07
820.0 4.4697026e-07
821.0 4.438403e-07
822.0 4.4073417e-07
823.0 4.3765165e-07
824.0 4.3459253000000005e-07
825.0 4.3155665e-07
826.0 4.2854382000000004e-07
827.0 4.2555385e-07
828.0 4.2258657e-07
829.0 4.1964179e-07
830.0 4.1671930000000004e-07
831.0 4.1381895e-07
832.0 4.1094053e-07
833.0 4.0808394e-07
834.0 4.0524892e-07
835.0 4.0243531e-07
836.0 3.9964295e-07
837.0 3.9687172e-07
838.0 3.9412140000000003e-07
839.0 3.9139179e-07
840.0 3.8868279e-07
841.0 3.8599423e-07
842.0 3.833259e-07
843.0 3.8067761e-07
844.0 3.7804931e-07
845.0 3.7544076e-07
846.0 3.7285181e-07
847.0 3.702823e-07
848.0 3.6773209e-07
849.0 3.6520105e-07
850.0 3.6268900000000005e-07
851.0 3.6019573999999996e-07
852.0 3.577212e-07
853.0 3.5526519e-07
854.0 3.5282756e-07
855.0 3.5040819e-07
856.0 3.4800690000000003e-07
857.0 3.4562356000000004e-07
858.0 3.4325799000000003e-07
859.0 3.4091017000000003e-07
860.0 3.3857984e-07
861.0 3.3626685999999997e-07
862.0 3.3397115e-07
863.0 3.3169255e-07
864.0 3.2943091e-07
865.0 3.2718609e-07
866.0 3.2495804e-07
867.0 3.227465e-07
868.0 3.2055141000000003e-07
869.0 3.183726e-07
870.0 3.1621001e-07
871.0 3.1406345e-07
872.0 3.1193282e-07
873.0 3.0981798e-07
874.0 3.0771881000000003e-07
875.0 3.0563517e-07
876.0 3.0356696000000005e-07
877.0 3.0151406e-07
878.0 2.9947631000000004e-07
879.0 2.9745365e-07
880.0 2.954459e-07
881.0 2.9345298000000003e-07
882.0 2.9147477000000005e-07
883.0 2.8951114e-07
884.0 2.8756198000000005e-07
885.0 2.8562719e-07
886.0 2.8370662e-07
887.0 2.8180019000000005e-07
888.0 2.7990778e-07
889.0 2.7802927e-07
890.0 2.7616456000000003e-07
891.0 2.7425019e-07
892.0 2.7240263000000004e-07
893.0 2.7057467e-07
894.0 2.6875995e-07
895.0 2.6695816e-07
896.0 2.6516914999999997e-07
897.0 2.6339301000000004e-07
898.0 2.6162915e-07
899.0 2.5987765e-07
900.0 2.5813833000000004e-07
901.0 2.5641107e-07
902.0 2.5469605999999997e-07
903.0 2.5299282e-07
904.0 2.5130075e-07
905.0 2.4962012e-07
906.0 2.4795119e-07
907.0 2.4629346e-07
908.0 2.446467e-07
909.0 2.4301083e-07
910.0 2.4138506e-07
911.0 2.3976996e-07
912.0 2.3816627000000002e-07
913.0 2.3657337e-07
914.0 2.3499139999999998e-07
915.0 2.3342061999999998e-07
916.0 2.3186221e-07
917.0 2.3031575e-07
918.0 2.2878102e-07
919.0 2.2725950000000002e-07
920.0 2.2575181e-07
921.0 2.2425851e-07
922.0 2.2278009e-07
923.0 2.2132253000000002e-07
924.0 2.1989408e-07
925.0 2.1847849e-07
926.0 2.1707288e-07
927.0 2.1567746e-07
928.0 2.1429151e-07
929.0 2.1291433e-07
930.0 2.1154649e-07
931.0 2.1018563e-07
932.0 2.0883259e-07
933.0 2.0748735e-07
934.0 2.0614981e-07
935.0 2.0482016e-07
936.0 2.0349788999999998e-07
937.0 2.0218414e-07
938.0 2.0087848e-07
939.0 1.9958097000000002e-07
940.0 1.9829172000000003e-07
941.0 1.9701052e-07
942.0 1.9573775000000002e-07
943.0 1.9447359e-07
944.0 1.9321786000000002e-07
945.0 1.9197041000000002e-07
946.0 1.9073143e-07
947.0 1.8950091e-07
948.0 1.8827893e-07
949.0 1.8706532e-07
950.0 1.8586001e-07
951.0 1.8467609000000001e-07
952.0 1.8348603e-07
953.0 1.8230441000000002e-07
954.0 1.8113115000000002e-07
955.0 1.7996621e-07
956.0 1.7880949e-07
957.0 1.7766096e-07
958.0 1.7652057e-07
959.0 1.7538822e-07
960.0 1.7426385e-07
961.0 1.7314744e-07
962.0 1.7203887e-07
963.0 1.7093813000000001e-07
964.0 1.6984515e-07
965.0 1.6875985000000002e-07
966.0 1.6768218000000002e-07
967.0 1.6661211e-07
968.0 1.6554954000000002e-07
969.0 1.6449443e-07
970.0 1.6344672e-07
971.0 1.6240638e-07
972.0 1.6137332e-07
973.0 1.6034752e-07
974.0 1.5932886e-07
975.0 1.5831737000000002e-07
976.0 1.5731293e-07
977.0 1.5631550000000002e-07
978.0 1.5532505000000002e-07
979.0 1.5434154e-07
980.0 1.5336486e-07
981.0 1.5239499e-07
982.0 1.5143189e-07
983.0 1.504755e-07
984.0 1.4952577e-07
985.0 1.4858263e-07
986.0 1.4764606e-07
987.0 1.46716e-07
988.0 1.4579239e-07
989.0 1.4487519e-07
990.0 1.4396435e-07
991.0 1.4305983e-07
992.0 1.4216158e-07
993.0 1.4126956e-07
994.0 1.4038368e-07
995.0 1.3950394e-07
996.0 1.3863029e-07
997.0 1.3776267e-07
998.0 1.3690102e-07
999.0 1.3604533e-07
1000.0 1.3519554e-07
1001.0 1.3435161e-07
1002.0 1.3351347999999998e-07
1003.0 1.3268114e-07
1004.0 1.3185451e-07
1005.0 1.3103358000000002e-07
1006.0 1.3021826e-07
1007.0 1.2940855e-07
1008.0 1.2860442e-07
1009.0 1.2780578e-07
1010.0 1.2701262000000002e-07
1011.0 1.2622489e-07
1012.0 1.2544255e-07
1013.0 1.2466557000000001e-07
1014.0 1.2389390000000002e-07
1015.0 1.231275e-07
1016.0 1.2236634e-07
1017.0 1.2161037e-07
1018.0 1.2085956e-07
1019.0 1.2011386e-07
1020.0 1.1937327e-07
1021.0 1.1863768000000001e-07
1022.0 1.1790712000000001e-07
1023.0 1.1718153e-07
1024.0 1.1646088e-07
1025.0 1.1574511000000001e-07
1026.0 1.1503419e-07
1027.0 1.1432811e-07
1028.0 1.136268e-07
1029.0 1.1293025e-07
1030.0 1.1223845e-07
1031.0 1.115513e-07
1032.0 1.1086881e-07
1033.0 1.1019091e-07
1034.0 1.0951762000000001e-07
1035.0 1.0884886e-07
1036.0 1.0818462e-07
1037.0 1.0752485e-07
1038.0 1.0686953e-07
1039.0 1.0621863e-07
1040.0 1.0557212000000001e-07
1041.0 1.0492995e-07
1042.0 1.0382772000000001e-07
1043.0 1.0293752000000001e-07
1044.0 1.0225764e-07
1045.0 1.0157691e-07
1046.0 1.0089815000000001e-07
1047.0 1.0021789e-07
1048.0 9.9535419e-08
1049.0 9.8850008e-08
1050.0 9.8161016e-08
1051.0 9.746772600000001e-08
1052.0 9.6769544e-08
1053.0 9.606588300000001e-08
1054.0 9.5356407e-08
1055.0 9.464116600000001e-08
1056.0 9.3920749e-08
1057.0 9.3196365e-08
1058.0 9.247022000000001e-08
1059.0 9.1745895e-08
1060.0 9.102816400000001e-08
1061.0 9.0323317e-08
1062.0 8.9637956e-08
1063.0 8.89813e-08
1064.0 8.8363605e-08
1065.0 8.7784219e-08
1066.0 8.7273395e-08
1067.0 8.689415400000001e-08
1068.0 8.655137700000001e-08
1069.0 8.621843999999999e-08
1070.0 8.5896977e-08
1071.0 8.5589048e-08
1072.0 8.5267281e-08
1073.0 8.4937768e-08
1074.0 8.4607269e-08
1075.0 8.4254663e-08
1076.0 8.3889327e-08
1077.0 8.3518702e-08
1078.0 8.3129463e-08
1079.0 8.2729932e-08
1080.0 8.2326221e-08
1081.0 8.1909978e-08
1082.0 8.148726700000001e-08
1083.0 8.1059629e-08
1084.0 8.062773e-08
1085.0 8.0192924e-08
1086.0 7.975552999999999e-08
1087.0 7.9316621e-08
1088.0 7.887653300000001e-08
1089.0 7.843601700000001e-08
1090.0 7.7994129e-08
1091.0 7.7553945e-08
1092.0 7.7114391e-08
1093.0 7.66757e-08
1094.0 7.6238181e-08
1095.0 7.5801349e-08
1096.0 7.5366766e-08
1097.0 7.493386700000001e-08
1098.0 7.4502298e-08
1099.0 7.4072727e-08
1100.0 7.3713882e-08
1101.0 7.3282433e-08
1102.0 7.285376900000001e-08
1103.0 7.2427904e-08
1104.0 7.2004785e-08
1105.0 7.158439200000001e-08
1106.0 7.1166755e-08
1107.0 7.0751787e-08
1108.0 7.0339504e-08
1109.0 6.9929903e-08
1110.0 6.952293900000001e-08
1111.0 6.9118584e-08
1112.0 6.8716859e-08
1113.0 6.831771300000001e-08
1114.0 6.7921141e-08
1115.0 6.7527113e-08
1116.0 6.713562700000001e-08
1117.0 6.6746644e-08
1118.0 6.6360174e-08
1119.0 6.5976179e-08
1120.0 6.5594644e-08
1121.0 6.5215568e-08
1122.0 6.4838904e-08
1123.0 6.446466600000001e-08
1124.0 6.409282e-08
1125.0 6.372335500000001e-08
1126.0 6.3356251e-08
1127.0 6.299148e-08
1128.0 6.2629053e-08
1129.0 6.226894000000001e-08
1130.0 6.191110700000001e-08
1131.0 6.1555581e-08
1132.0 6.12023e-08
1133.0 6.0851288e-08
1134.0 6.050248e-08
1135.0 6.0155908e-08
1136.0 5.981154400000001e-08
1137.0 5.9469363e-08
1138.0 5.9129341999999996e-08
1139.0 5.8791483000000005e-08
1140.0 5.8455761e-08
1141.0 5.8122178e-08
1142.0 5.7790701e-08
1143.0 5.7461331000000004e-08
1144.0 5.7134028e-08
1145.0 5.6808816000000004e-08
1146.0 5.648562800000001e-08
1147.0 5.61645e-08
1148.0 5.5845403e-08
1149.0 5.5528312e-08
1150.0 5.521321000000001e-08
1151.0 5.4900109e-08
1152.0 5.4588972e-08
1153.0 5.427978e-08
1154.0 5.3972548000000004e-08
1155.0 5.3667231e-08
1156.0 5.3363846e-08
1157.0 5.3062367e-08
1158.0 5.2762781e-08
1159.0 5.2465063e-08
1160.0 5.2169207000000005e-08
1161.0 5.1875205e-08
1162.0 5.158304e-08
1163.0 5.129272e-08
1164.0 5.1004190999999996e-08
1165.0 5.0717481e-08
1166.0 5.0432547e-08
1167.0 5.0149411e-08
1168.0 4.986801e-08
1169.0 4.9588388999999995e-08
1170.0 4.9310500000000003e-08
1171.0 4.9034335999999995e-08
1172.0 4.8759899e-08
1173.0 4.8487163e-08
1174.0 4.8216119e-08
1175.0 4.7946755e-08
1176.0 4.7679069e-08
1177.0 4.7413052e-08
1178.0 4.7141546e-08
1179.0 4.6876079e-08
1180.0 4.6616269e-08
1181.0 4.6357855e-08
1182.0 4.6098359e-08
1183.0 4.5846763e-08
1184.0 4.5587079e-08
1185.0 4.5337476e-08
1186.0 4.5083102e-08
1187.0 4.4828871999999996e-08
1188.0 4.4578006000000006e-08
1189.0 4.4332843000000004e-08
1190.0 4.4092124e-08
1191.0 4.3840681e-08
1192.0 4.3593911e-08
1193.0 4.3348583e-08
1194.0 4.3104002e-08
1195.0 4.2861471e-08
1196.0 4.2621464000000004e-08
1197.0 4.2378343e-08
1198.0 4.2141154e-08
1199.0 4.1908917999999995e-08
1200.0 4.1664605e-08
1201.0 4.1432347000000005e-08
1202.0 4.1201841e-08
1203.0 4.0966626e-08
1204.0 4.0735577e-08
1205.0 4.0504621000000006e-08
1206.0 4.0274155e-08
1207.0 4.0045017e-08
1208.0 3.9821966e-08
1209.0 3.9597129e-08
1210.0 3.9375145e-08
1211.0 3.9147957000000004e-08
1212.0 3.8928937e-08
1213.0 3.870812e-08
1214.0 3.8492071e-08
1215.0 3.8272556000000005e-08
1216.0 3.8052541e-08
1217.0 3.7835363e-08
1218.0 3.7620513e-08
1219.0 3.7399894e-08
1220.0 3.7181558e-08
1221.0 3.6968536e-08
1222.0 3.674815e-08
1223.0 3.6532833000000003e-08
1224.0 3.6318469e-08
1225.0 3.6100942e-08
1226.0 3.5882704e-08
1227.0 3.5670775e-08
1228.0 3.5452607e-08
1229.0 3.5238505e-08
1230.0 3.5028775e-08
1231.0 3.4810071000000005e-08
1232.0 3.4603771000000006e-08
1233.0 3.4392627e-08
1234.0 3.4183912e-08
1235.0 3.3968392e-08
1236.0 3.3759885999999996e-08
1237.0 3.3553929e-08
1238.0 3.333271e-08
1239.0 3.3127277e-08
1240.0 3.2907807e-08
1241.0 3.2697031e-08
1242.0 3.2484894e-08
1243.0 3.2264707e-08
1244.0 3.2054015000000005e-08
1245.0 3.18263e-08
1246.0 3.1602682e-08
1247.0 3.1369618e-08
1248.0 3.1132839e-08
1249.0 3.0889205e-08
1250.0 3.0627508000000003e-08
1251.0 3.0370029e-08
1252.0 3.0118383e-08
1253.0 2.9840286e-08
1254.0 2.9565416e-08
1255.0 2.9262428000000002e-08
1256.0 2.8961885e-08
1257.0 2.865213e-08
1258.0 2.8304437e-08
1259.0 2.7970538e-08
1260.0 2.7596969e-08
1261.0 2.7251864e-08
1262.0 2.6901077e-08
1263.0 2.6525999000000002e-08
1264.0 2.6266209000000002e-08
1265.0 2.6037244e-08
1266.0 2.587069e-08
1267.0 2.5731133e-08
1268.0 2.5659766e-08
1269.0 2.5549801e-08
1270.0 2.5701361000000002e-08
1271.0 2.5822719000000002e-08
1272.0 2.5948304000000003e-08
1273.0 2.6044932999999998e-08
1274.0 2.6130667e-08
1275.0 2.6178463e-08
1276.0 2.6196034000000003e-08
1277.0 2.6204371e-08
1278.0 2.6216829e-08
1279.0 2.6204792e-08
1280.0 2.6193402e-08
1281.0 2.6156893000000003e-08
1282.0 2.611818e-08
1283.0 2.6051280000000003e-08
1284.0 2.5976757e-08
1285.0 2.5892366000000002e-08
1286.0 2.5804737e-08
1287.0 2.572337e-08
1288.0 2.5637655e-08
1289.0 2.5528217000000002e-08
1290.0 2.5423989e-08
1291.0 2.5318166000000002e-08
1292.0 2.521146e-08
1293.0 2.5103957e-08
1294.0 2.4993461000000002e-08
1295.0 2.4885377000000002e-08
1296.0 2.4774687e-08
1297.0 2.4664984e-08
1298.0 2.4555641000000003e-08
1299.0 2.4432585e-08
1300.0 2.4315778e-08
1301.0 2.4204837000000002e-08
1302.0 2.4087633e-08
1303.0 2.3973256e-08
1304.0 2.3856887e-08
1305.0 2.3736955e-08
1306.0 2.3619482e-08
1307.0 2.3505023e-08
1308.0 2.3386779000000002e-08
1309.0 2.3270483e-08
1310.0 2.3157189e-08
1311.0 2.3040315e-08
1312.0 2.2925933e-08
1313.0 2.2811353e-08
1314.0 2.2698206e-08
1315.0 2.2584981e-08
1316.0 2.2471774e-08
1317.0 2.2357338e-08
1318.0 2.2246007e-08
1319.0 2.2135954000000002e-08
1320.0 2.2024424000000002e-08
1321.0 2.1913545999999998e-08
1322.0 2.1803071e-08
1323.0 2.1694432e-08
1324.0 2.1584824999999998e-08
1325.0 2.1475631e-08
1326.0 2.1367503e-08
1327.0 2.1258623e-08
1328.0 2.1151526e-08
1329.0 2.1043314e-08
1330.0 2.0937341999999997e-08
1331.0 2.0831529000000003e-08
1332.0 2.0726719e-08
1333.0 2.0623419e-08
1334.0 2.0519275e-08
1335.0 2.0415401e-08
1336.0 2.0313864000000002e-08
1337.0 2.0209767000000002e-08
1338.0 2.0108201000000002e-08
1339.0 2.0006346000000002e-08
1340.0 1.9905547999999998e-08
1341.0 1.9805652e-08
1342.0 1.9707045e-08
1343.0 1.960755e-08
1344.0 1.9508623000000002e-08
1345.0 1.9410249e-08
1346.0 1.9312429000000002e-08
1347.0 1.921516e-08
1348.0 1.9118429999999998e-08
1349.0 1.9022248e-08
1350.0 1.8926612e-08
1351.0 1.8831497999999998e-08
1352.0 1.8736925e-08
1353.0 1.8642888e-08
1354.0 1.8549365e-08
1355.0 1.8456372e-08
1356.0 1.8363897000000002e-08
1357.0 1.8271943e-08
1358.0 1.8180499e-08
1359.0 1.8089561e-08
1360.0 1.7999140000000003e-08
1361.0 1.7909213e-08
1362.0 1.7819793e-08
1363.0 1.773086e-08
1364.0 1.7642435000000003e-08
1365.0 1.7554504e-08
1366.0 1.7467047e-08
1367.0 1.7380094e-08
1368.0 1.729361e-08
1369.0 1.7207609e-08
1370.0 1.7122087e-08
1371.0 1.7037039e-08
1372.0 1.6952454e-08
1373.0 1.6868349e-08
1374.0 1.6784705e-08
1375.0 1.6701525e-08
1376.0 1.6618796e-08
1377.0 1.6536535e-08
1378.0 1.6454725e-08
1379.0 1.6373362e-08
1380.0 1.6292451e-08
1381.0 1.6211987000000002e-08
1382.0 1.613197e-08
1383.0 1.6052386e-08
1384.0 1.5973248e-08
1385.0 1.5894532e-08
1386.0 1.5816255e-08
1387.0 1.5738412e-08
1388.0 1.5660996e-08
1389.0 1.5584003e-08
1390.0 1.5507437e-08
1391.0 1.5431278999999997e-08
1392.0 1.5355548e-08
1393.0 1.5280233e-08
1394.0 1.5205325e-08
1395.0 1.5130822e-08
1396.0 1.5056734000000002e-08
1397.0 1.4983047e-08
1398.0 1.4909757999999998e-08
1399.0 1.4836879e-08
1400.0 1.4764395000000001e-08
1401.0 1.46923e-08
1402.0 1.4620605e-08
1403.0 1.4549297999999999e-08
1404.0 1.4478383e-08
1405.0 1.4407842e-08
1406.0 1.4337697e-08
1407.0 1.4267931e-08
1408.0 1.4198537e-08
1409.0 1.4129517000000001e-08
1410.0 1.4060878e-08
1411.0 1.3992619000000001e-08
1412.0 1.3924715e-08
1413.0 1.3857182000000001e-08
1414.0 1.3790021e-08
1415.0 1.3723222e-08
1416.0 1.3656781e-08
1417.0 1.3590698e-08
1418.0 1.3524975e-08
1419.0 1.3459605e-08
1420.0 1.3394583000000001e-08
1421.0 1.3329921e-08
1422.0 1.326559e-08
1423.0 1.320163e-08
1424.0 1.3138004e-08
1425.0 1.3074716000000002e-08
1426.0 1.3011772e-08
1427.0 1.2949166e-08
1428.0 1.2886892e-08
1429.0 1.2824956e-08
1430.0 1.2763351e-08
1431.0 1.2702081e-08
1432.0 1.2641136000000001e-08
1433.0 1.2580513e-08
1434.0 1.2520218e-08
1435.0 1.2460248e-08
1436.0 1.2400599000000001e-08
1437.0 1.2341269000000001e-08
1438.0 1.2282242000000001e-08
1439.0 1.2223549e-08
1440.0 1.2165159e-08
1441.0 1.2107082e-08
1442.0 1.2049319e-08
1443.0 1.199186e-08
1444.0 1.1934705e-08
1445.0 1.1877859e-08
1446.0 1.182131e-08
1447.0 1.1765066000000001e-08
1448.0 1.1709113e-08
1449.0 1.1653464e-08
1450.0 1.1598106e-08
1451.0 1.1543044e-08
1452.0 1.1488276e-08
1453.0 1.1433798e-08
1454.0 1.1379606e-08
1455.0 1.13257e-08
1456.0 1.1272084e-08
1457.0 1.1218742e-08
1458.0 1.1165696e-08
1459.0 1.1112917e-08
1460.0 1.106042e-08
1461.0 1.1008206000000001e-08
1462.0 1.0956263e-08
1463.0 1.0904591e-08
1464.0 1.0853197e-08
1465.0 1.0802071000000001e-08
1466.0 1.0751211e-08
1467.0 1.0700615e-08
1468.0 1.0650292e-08
1469.0 1.0600231e-08
1470.0 1.0550435000000002e-08
1471.0 1.05009e-08
1472.0 1.0451621000000001e-08
1473.0 1.0402599e-08
1474.0 1.035384e-08
1475.0 1.0305334000000001e-08
1476.0 1.0257078999999999e-08
1477.0 1.0209081e-08
1478.0 1.0161331e-08
1479.0 1.0113829e-08
1480.0 1.0066579e-08
1481.0 1.0019572e-08
1482.0 9.9728153e-09
1483.0 9.9262911e-09
1484.0 9.8800219e-09
1485.0 9.8339897e-09
1486.0 9.788196900000001e-09
1487.0 9.7426401e-09
1488.0 9.697316599999999e-09
1489.0 9.6522322e-09
1490.0 9.6073843e-09
1491.0 9.5627702e-09
1492.0 9.5183846e-09
1493.0 9.4742269e-09
1494.0 9.4303014e-09
1495.0 9.3866009e-09
1496.0 9.3431314e-09
1497.0 9.2998803e-09
1498.0 9.2568586e-09
1499.0 9.2140539e-09
1500.0 9.171477200000001e-09
1501.0 9.129116e-09
1502.0 9.0869741e-09
1503.0 9.0450455e-09
1504.0 9.0033442e-09
1505.0 8.961847499999999e-09
1506.0 8.9205658e-09
1507.0 8.8795009e-09
1508.0 8.8386348e-09
1509.0 8.797994799999999e-09
1510.0 8.7575534e-09
1511.0 8.7173192e-09
1512.0 8.6773007e-09
1513.0 8.6374837e-09
1514.0 8.5978701e-09
1515.0 8.5584531e-09
1516.0 8.5192476e-09
1517.0 8.4802386e-09
1518.0 8.4414252e-09
1519.0 8.4028148e-09
1520.0 8.3644045e-09
1521.0 8.326184499999999e-09
1522.0 8.2881659e-09
1523.0 8.2503354e-09
1524.0 8.2127037e-09
1525.0 8.175259e-09
1526.0 8.1380046e-09
1527.0 8.1009464e-09
1528.0 8.0640671e-09
1529.0 8.027382299999999e-09
1530.0 7.990879300000001e-09
1531.0 7.9545623e-09
1532.0 7.9184318e-09
1533.0 7.8824889e-09
1534.0 7.8467226e-09
1535.0 7.8111367e-09
1536.0 7.775738799999999e-09
1537.0 7.740518200000002e-09
1538.0 7.705470100000001e-09
1539.0 7.670601e-09
1540.0 7.6359122e-09
1541.0 7.60139e-09
1542.0 7.567052200000001e-09
1543.0 7.5328821e-09
1544.0 7.4988908e-09
1545.0 7.4650616e-09
1546.0 7.4314093e-09
1547.0 7.3979172999999996e-09
1548.0 7.364604600000001e-09
1549.0 7.3314566e-09
1550.0 7.2984748999999994e-09
1551.0 7.2656611e-09
1552.0 7.2330088e-09
1553.0 7.2005192e-09
1554.0 7.1681973e-09
1555.0 7.136035500000001e-09
1556.0 7.1040368e-09
1557.0 7.0721929e-09
1558.0 7.0405139e-09
1559.0 7.0089918e-09
1560.0 6.9776305e-09
1561.0 6.9464242e-09
1562.0 6.9153725e-09
1563.0 6.8844731e-09
1564.0 6.8537362e-09
1565.0 6.8231458e-09
1566.0 6.7927103e-09
1567.0 6.7624278e-09
1568.0 6.7322942e-09
1569.0 6.7023092999999996e-09
1570.0 6.6724755999999995e-09
1571.0 6.6427925999999996e-09
1572.0 6.6132576000000004e-09
1573.0 6.583864100000001e-09
1574.0 6.5546208e-09
1575.0 6.525517100000001e-09
1576.0 6.4965661e-09
1577.0 6.4677518e-09
1578.0 6.4390848999999996e-09
1579.0 6.410557700000001e-09
1580.0 6.3821728e-09
1581.0 6.3539310000000005e-09
1582.0 6.3258230000000005e-09
1583.0 6.297857e-09
1584.0 6.270033000000001e-09
1585.0 6.2423402e-09
1586.0 6.214787500000001e-09
1587.0 6.1873711e-09
1588.0 6.1600879e-09
1589.0 6.1329369e-09
1590.0 6.1059239e-09
1591.0 6.0790424000000005e-09
1592.0 6.0522928e-09
1593.0 6.0256798e-09
1594.0 5.9991917e-09
1595.0 5.972838e-09
1596.0 5.9466090000000005e-09
1597.0 5.9205085e-09
1598.0 5.8945424e-09
1599.0 5.8687005e-09
1600.0 5.8429772e-09
1601.0 5.8173886e-09
1602.0 5.7919267000000005e-09
1603.0 5.7665869e-09
1604.0 5.7413704e-09
1605.0 5.716280900000001e-09
1606.0 5.6913098e-09
1607.0 5.6664601e-09
1608.0 5.6417338000000005e-09
1609.0 5.617127300000001e-09
1610.0 5.592646500000001e-09
1611.0 5.5682797000000004e-09
1612.0 5.5440303000000004e-09
1613.0 5.5198989e-09
1614.0 5.4958918e-09
1615.0 5.4719942e-09
1616.0 5.448211500000001e-09
1617.0 5.424553e-09
1618.0 5.4010037e-09
1619.0 5.3775667e-09
1620.0 5.354243100000001e-09
1621.0 5.3310400999999994e-09
1622.0 5.307944700000001e-09
1623.0 5.2849618e-09
1624.0 5.262086e-09
1625.0 5.2393242e-09
1626.0 5.216673600000001e-09
1627.0 5.1941323e-09
1628.0 5.1716999e-09
1629.0 5.1493765e-09
1630.0 5.1271599e-09
1631.0 5.1050517e-09
1632.0 5.0830477e-09
1633.0 5.0611519e-09
1634.0 5.0393576e-09
1635.0 5.0176721e-09
1636.0 4.9960914e-09
1637.0 4.9746143e-09
1638.0 4.9532384e-09
1639.0 4.9319651e-09
1640.0 4.9107984999999996e-09
1641.0 4.8897293e-09
1642.0 4.8687616000000006e-09
1643.0 4.8478957e-09
1644.0 4.8271313000000005e-09
1645.0 4.8064645e-09
1646.0 4.785897e-09
1647.0 4.7654257e-09
1648.0 4.7450512999999995e-09
1649.0 4.7247795e-09
1650.0 4.7046025000000005e-09
1651.0 4.684518700000001e-09
1652.0 4.664538300000001e-09
1653.0 4.6446472e-09
1654.0 4.6248532e-09
1655.0 4.6051522e-09
1656.0 4.5855458e-09
1657.0 4.566030200000001e-09
1658.0 4.5466111e-09
1659.0 4.5272847999999996e-09
1660.0 4.5080487e-09
1661.0 4.4889023e-09
1662.0 4.4698497000000006e-09
1663.0 4.4508885000000005e-09
1664.0 4.4320166e-09
1665.0 4.413229300000001e-09
1666.0 4.3945351e-09
1667.0 4.3759306e-09
1668.0 4.3574159e-09
1669.0 4.3389848e-09
1670.0 4.320639e-09
1671.0 4.3023843e-09
1672.0 4.2842128000000005e-09
1673.0 4.2661311e-09
1674.0 4.2481307e-09
1675.0 4.2302195e-09
1676.0 4.212389e-09
1677.0 4.1946408e-09
1678.0 4.176982e-09
1679.0 4.1594046e-09
1680.0 4.1419098e-09
1681.0 4.1244946e-09
1682.0 4.1071650000000005e-09
1683.0 4.0899168000000005e-09
1684.0 4.0727457e-09
1685.0 4.055659200000001e-09
1686.0 4.0386517e-09
1687.0 4.0217248e-09
1688.0 4.0048759e-09
1689.0 3.9881074e-09
1690.0 3.9714161e-09
1691.0 3.9548043e-09
1692.0 3.9382686e-09
1693.0 3.9218051e-09
1694.0 3.9054259e-09
1695.0 3.889124100000001e-09
1696.0 3.8728968e-09
1697.0 3.856742e-09
1698.0 3.8406718e-09
1699.0 3.824667e-09
1700.0 3.8087399e-09
1701.0 3.7928834000000005e-09
1702.0 3.7771033999999995e-09
1703.0 3.7613984e-09
1704.0 3.7457689e-09
1705.0 3.7302086000000005e-09
1706.0 3.7147222e-09
1707.0 3.6993045e-09
1708.0 3.6839614e-09
1709.0 3.668691e-09
1710.0 3.6534833e-09
1711.0 3.6383545999999998e-09
1712.0 3.6232915000000003e-09
1713.0 3.6083008000000003e-09
1714.0 3.5933776e-09
1715.0 3.5785247e-09
1716.0 3.5637386000000003e-09
1717.0 3.5490263999999998e-09
1718.0 3.5343781e-09
1719.0 3.5197984e-09
1720.0 3.5052855000000002e-09
1721.0 3.4908379e-09
1722.0 3.4764576000000003e-09
1723.0 3.4621454e-09
1724.0 3.4478986e-09
1725.0 3.4337177e-09
1726.0 3.4196013e-09
1727.0 3.4055523e-09
1728.0 3.3915647e-09
1729.0 3.3776416000000004e-09
1730.0 3.3637797e-09
1731.0 3.3499857e-09
1732.0 3.3362572999999998e-09
1733.0 3.3225865e-09
1734.0 3.3089792e-09
1735.0 3.2954405e-09
1736.0 3.2819592e-09
1737.0 3.2685378e-09
1738.0 3.2551795e-09
1739.0 3.2418822000000003e-09
1740.0 3.2286461e-09
1741.0 3.2154701e-09
1742.0 3.2023547e-09
1743.0 3.1893002000000002e-09
1744.0 3.1763034e-09
1745.0 3.1633652e-09
1746.0 3.1504873e-09
1747.0 3.13767e-09
1748.0 3.1249067000000003e-09
1749.0 3.1122065e-09
1750.0 3.0995621000000003e-09
1751.0 3.0869718e-09
1752.0 3.0744425000000004e-09
1753.0 3.0619689e-09
1754.0 3.0495537000000004e-09
1755.0 3.0371898000000003e-09
1756.0 3.0248849e-09
1757.0 3.0126386e-09
1758.0 3.0004476e-09
1759.0 2.9883087e-09
1760.0 2.9762253e-09
1761.0 2.9641986999999998e-09
1762.0 2.9522257999999997e-09
1763.0 2.9403059e-09
1764.0 2.9284398000000002e-09
1765.0 2.9166280000000003e-09
1766.0 2.9048705000000003e-09
1767.0 2.8931655999999997e-09
1768.0 2.881509e-09
1769.0 2.8699099e-09
1770.0 2.8583639e-09
1771.0 2.8468681000000003e-09
1772.0 2.8354243000000003e-09
1773.0 2.824028e-09
1774.0 2.8126871e-09
1775.0 2.8013994e-09
1776.0 2.7901589e-09
1777.0 2.7789704e-09
1778.0 2.7678277e-09
1779.0 2.7567427e-09
1780.0 2.745702e-09
1781.0 2.7347106e-09
1782.0 2.7237717999999997e-09
1783.0 2.712883e-09
1784.0 2.7020411000000003e-09
1785.0 2.6912475000000002e-09
1786.0 2.6804982e-09
1787.0 2.6698007e-09
1788.0 2.6591545e-09
1789.0 2.6485492e-09
1790.0 2.637993e-09
1791.0 2.6274875e-09
1792.0 2.6170257000000003e-09
1793.0 2.6066109e-09
1794.0 2.5962422e-09
1795.0 2.5859230000000002e-09
1796.0 2.5756468999999997e-09
1797.0 2.5654177e-09
1798.0 2.5552316e-09
1799.0 2.5450938e-09
1800.0 2.5349954000000002e-09
1801.0 2.5249462e-09
1802.0 2.5149426e-09
1803.0 2.504982e-09
1804.0 2.4950641e-09
1805.0 2.4851938e-09
1806.0 2.4753631e-09
1807.0 2.4655787e-09
1808.0 2.4558366000000002e-09
1809.0 2.4461395e-09
1810.0 2.4364816e-09
1811.0 2.4268692e-09
1812.0 2.4172996e-09
1813.0 2.4077704e-09
1814.0 2.3982822000000004e-09
1815.0 2.3888376e-09
1816.0 2.3794348000000002e-09
1817.0 2.3700763000000002e-09
1818.0 2.3607541e-09
1819.0 2.351473e-09
1820.0 2.3422365e-09
1821.0 2.3330395000000003e-09
1822.0 2.32388e-09
1823.0 2.3147654e-09
1824.0 2.305687e-09
1825.0 2.2966492999999997e-09
1826.0 2.2876546000000003e-09
1827.0 2.2786969000000003e-09
1828.0 2.2697771e-09
1829.0 2.2608963e-09
1830.0 2.2520567e-09
1831.0 2.2432563e-09
1832.0 2.2344927000000002e-09
1833.0 2.2257684e-09
1834.0 2.2170789e-09
1835.0 2.2084317e-09
1836.0 2.1998215e-09
1837.0 2.1912472e-09
1838.0 2.1827113000000002e-09
1839.0 2.17421e-09
1840.0 2.1657516e-09
1841.0 2.1573242000000003e-09
1842.0 2.1489377e-09
1843.0 2.1405872e-09
1844.0 2.1322708e-09
1845.0 2.1239895e-09
1846.0 2.1157482999999997e-09
1847.0 2.1075402e-09
1848.0 2.0993707e-09
1849.0 2.0912332000000002e-09
1850.0 2.0831321e-09
1851.0 2.0750674000000004e-09
1852.0 2.0670352e-09
1853.0 2.0590407e-09
1854.0 2.0510790000000004e-09
1855.0 2.0431509e-09
1856.0 2.0352586e-09
1857.0 2.0273995e-09
1858.0 2.0195776000000002e-09
1859.0 2.0117865000000003e-09
1860.0 2.0040281e-09
1861.0 1.9963069e-09
1862.0 1.9886159e-09
1863.0 1.9809597e-09
1864.0 1.973334e-09
1865.0 1.9657447e-09
1866.0 1.9581866e-09
1867.0 1.9506612e-09
1868.0 1.9431674000000004e-09
1869.0 1.9357071e-09
1870.0 1.9282801e-09
1871.0 1.9208807e-09
1872.0 1.9135168e-09
1873.0 1.9061809e-09
1874.0 1.8988809e-09
1875.0 1.8916078e-09
1876.0 1.8843679e-09
1877.0 1.8771605e-09
1878.0 1.8699811e-09
1879.0 1.8628373e-09
1880.0 1.8557202000000001e-09
1881.0 1.8486362e-09
1882.0 1.8415788e-09
1883.0 1.8345535000000001e-09
1884.0 1.8275574e-09
1885.0 1.8205927999999999e-09
1886.0 1.8136571e-09
1887.0 1.8067511000000001e-09
1888.0 1.7998743e-09
1889.0 1.793026e-09
1890.0 1.7862083e-09
1891.0 1.7794209000000001e-09
1892.0 1.7726593e-09
1893.0 1.7659288e-09
1894.0 1.7592257000000002e-09
1895.0 1.7525518e-09
1896.0 1.7459053000000002e-09
1897.0 1.7392855e-09
1898.0 1.7326985e-09
1899.0 1.7261362e-09
1900.0 1.7196022e-09
1901.0 1.7130957e-09
1902.0 1.7066178000000002e-09
1903.0 1.7001664e-09
1904.0 1.6937421e-09
1905.0 1.6873455e-09
1906.0 1.6809772999999999e-09
1907.0 1.6746355000000001e-09
1908.0 1.6683198e-09
1909.0 1.6620297000000002e-09
1910.0 1.6557680000000001e-09
1911.0 1.6495301e-09
1912.0 1.6433233e-09
1913.0 1.6371398e-09
1914.0 1.6309820000000001e-09
1915.0 1.6248499e-09
1916.0 1.6187444e-09
1917.0 1.6126636e-09
1918.0 1.6066104e-09
1919.0 1.6005801e-09
1920.0 1.5945773e-09
1921.0 1.5885987e-09
1922.0 1.5826468000000001e-09
1923.0 1.5767149e-09
1924.0 1.5708128e-09
1925.0 1.5649352e-09
1926.0 1.5590807e-09
1927.0 1.5532516e-09
1928.0 1.5474461e-09
1929.0 1.5416655000000001e-09
1930.0 1.5359113000000001e-09
1931.0 1.5301778e-09
1932.0 1.5244696e-09
1933.0 1.5187862000000001e-09
1934.0 1.5131235000000001e-09
1935.0 1.5074864e-09
1936.0 1.5018729e-09
1937.0 1.4962828e-09
1938.0 1.4907161e-09
1939.0 1.4851723e-09
1940.0 1.4796506e-09
1941.0 1.4741556e-09
1942.0 1.4686813e-09
1943.0 1.463227e-09
1944.0 1.4577966e-09
1945.0 1.4523928999999999e-09
1946.0 1.4470065e-09
1947.0 1.4416465e-09
1948.0 1.4363085000000001e-09
1949.0 1.4309907e-09
1950.0 1.4256939e-09
1951.0 1.4204194000000002e-09
1952.0 1.4151679000000001e-09
1953.0 1.4099376e-09
1954.0 1.4047291e-09
1955.0 1.3995449e-09
1956.0 1.3943785e-09
1957.0 1.389236e-09
1958.0 1.3841109e-09
1959.0 1.37901e-09
1960.0 1.3739312e-09
1961.0 1.3688729000000001e-09
1962.0 1.3638341e-09
1963.0 1.3588159000000002e-09
1964.0 1.3538194e-09
1965.0 1.3488406999999999e-09
1966.0 1.343887e-09
1967.0 1.3389527e-09
1968.0 1.334036e-09
1969.0 1.3291412e-09
1970.0 1.3242669999999999e-09
1971.0 1.3194119e-09
1972.0 1.3145779e-09
1973.0 1.3097632e-09
1974.0 1.3049673999999999e-09
1975.0 1.3001911e-09
1976.0 1.2954355e-09
1977.0 1.2906994e-09
1978.0 1.2859828e-09
1979.0 1.2812852e-09
1980.0 1.2766076e-09
1981.0 1.2719473e-09
1982.0 1.2673064000000001e-09
1983.0 1.2626865e-09
1984.0 1.2580836000000002e-09
1985.0 1.2534999e-09
1986.0 1.2489352e-09
1987.0 1.2443907e-09
1988.0 1.2398613e-09
1989.0 1.2353524e-09
1990.0 1.2308617e-09
1991.0 1.2263886e-09
1992.0 1.2219345e-09
1993.0 1.2174989e-09
1994.0 1.2130822000000002e-09
1995.0 1.20868e-09
1996.0 1.204299e-09
1997.0 1.1999329000000001e-09
1998.0 1.1955874e-09
1999.0 1.1912564e-09
2000.0 1.1869478e-09
2001.0 1.1826434e-09
2002.0 1.1783669e-09
2003.0 1.1741074e-09
2004.0 1.1698652e-09
2005.0 1.1656396e-09
2006.0 1.1614318e-09
2007.0 1.1572395e-09
2008.0 1.1530644000000001e-09
2009.0 1.1489064e-09
2010.0 1.1447646e-09
2011.0 1.1406402000000002e-09
2012.0 1.1365324000000001e-09
2013.0 1.1324418999999999e-09
2014.0 1.1283674e-09
2015.0 1.1243094999999999e-09
2016.0 1.1202675e-09
2017.0 1.1162428000000001e-09
2018.0 1.1122329e-09
2019.0 1.1082396e-09
2020.0 1.1042616e-09
2021.0 1.1003005e-09
2022.0 1.0963551999999998e-09
2023.0 1.0924261e-09
2024.0 1.0885127e-09
2025.0 1.0846137000000002e-09
2026.0 1.0807298e-09
2027.0 1.076862e-09
2028.0 1.0730106e-09
2029.0 1.0691737e-09
2030.0 1.0653529000000001e-09
2031.0 1.0615493000000001e-09
2032.0 1.0577593e-09
2033.0 1.0539842e-09
2034.0 1.0502246e-09
2035.0 1.0464789e-09
2036.0 1.0427479e-09
2037.0 1.0390302e-09
2038.0 1.0353278e-09
2039.0 1.0316414e-09
2040.0 1.0279682e-09
2041.0 1.0243105000000001e-09
2042.0 1.0206653e-09
2043.0 1.0170351000000001e-09
2044.0 1.01342e-09
2045.0 1.0098191e-09
2046.0 1.0062323e-09
2047.0 1.0026607e-09
2048.0 9.9910174e-10
2049.0 9.9555597e-10
2050.0 9.920248900000001e-10
2051.0 9.8850654e-10
2052.0 9.8500274e-10
2053.0 9.8151156e-10
2054.0 9.7803484e-10
2055.0 9.745713200000002e-10
2056.0 9.711194399999998e-10
2057.0 9.6768336e-10
2058.0 9.6425855e-10
2059.0 9.6084676e-10
2060.0 9.5745122e-10
2061.0 9.5406615e-10
2062.0 9.5069228e-10
2063.0 9.4733348e-10
2064.0 9.4398471e-10
2065.0 9.4064801e-10
2066.0 9.373274e-10
2067.0 9.3401497e-10
2068.0 9.307156e-10
2069.0 9.2743226e-10
2070.0 9.2415774e-10
2071.0 9.2089417e-10
2072.0 9.176467100000001e-10
2073.0 9.144065599999999e-10
2074.0 9.1117925e-10
2075.0 9.0796759e-10
2076.0 9.0476439e-10
2077.0 9.0157225e-10
2078.0 8.9839622e-10
2079.0 8.9522283e-10
2080.0 8.9205967e-10
2081.0 8.8891305e-10
2082.0 8.857707500000001e-10
2083.0 8.8264062e-10
2084.0 8.795294200000001e-10
2085.0 8.764318099999999e-10
2086.0 8.7333604e-10
2087.0 8.7025206e-10
2088.0 8.6718715e-10
2089.0 8.6412212e-10
2090.0 8.6106695e-10
2091.0 8.5803149e-10
2092.0 8.5499551e-10
2093.0 8.5197089e-10
2094.0 8.4896709e-10
2095.0 8.459761000000001e-10
2096.0 8.4298335e-10
2097.0 8.4000079e-10
2098.0 8.3703847e-10
2099.0 8.3408587e-10
2100.0 8.3112977e-10
2101.0 8.2818431e-10
2102.0 8.252642700000001e-10
2103.0 8.2234417e-10
2104.0 8.1943573e-10
2105.0 8.165511900000001e-10
2106.0 8.1367814e-10
2107.0 8.1080343e-10
2108.0 8.079399200000001e-10
2109.0 8.0509856e-10
2110.0 8.022699300000001e-10
2111.0 7.994403900000001e-10
2112.0 7.966231500000001e-10
2113.0 7.9382976e-10
2114.0 7.9104972e-10
2115.0 7.8828103e-10
2116.0 7.8551534e-10
2117.0 7.8276332e-10
2118.0 7.800341200000001e-10
2119.0 7.7731583e-10
2120.0 7.745991e-10
2121.0 7.7189445e-10
2122.0 7.6921192e-10
2123.0 7.6654019e-10
2124.0 7.638748500000001e-10
2125.0 7.6122242e-10
2126.0 7.5858864e-10
2127.0 7.5596303e-10
2128.0 7.5334678e-10
2129.0 7.5073266e-10
2130.0 7.481308400000001e-10
2131.0 7.455461900000001e-10
2132.0 7.429744600000001e-10
2133.0 7.4041271e-10
2134.0 7.378581900000001e-10
2135.0 7.3531103e-10
2136.0 7.3277579e-10
2137.0 7.302450400000001e-10
2138.0 7.2771698e-10
2139.0 7.251793500000001e-10
2140.0 7.2264528e-10
2141.0 7.2013128e-10
2142.0 7.176275000000001e-10
2143.0 7.151336200000001e-10
2144.0 7.1265121e-10
2145.0 7.1017027e-10
2146.0 7.077029800000001e-10
2147.0 7.0525961e-10
2148.0 7.028264300000001e-10
2149.0 7.0040574e-10
2150.0 6.979919799999999e-10
2151.0 6.9557191e-10
2152.0 6.931523500000001e-10
2153.0 6.9074812e-10
2154.0 6.883486000000001e-10
2155.0 6.85952e-10
2156.0 6.8356617e-10
2157.0 6.811774400000001e-10
2158.0 6.7881254e-10
2159.0 6.764830500000001e-10
2160.0 6.7418591e-10
2161.0 6.719211800000001e-10
2162.0 6.6968995e-10
2163.0 6.6749503e-10
2164.0 6.6533072e-10
2165.0 6.632221500000001e-10
2166.0 6.611364e-10
2167.0 6.590324e-10
2168.0 6.569367299999999e-10
2169.0 6.5484421e-10
2170.0 6.527533900000001e-10
2171.0 6.5065956e-10
2172.0 6.485839800000001e-10
2173.0 6.4649995e-10
2174.0 6.4439397e-10
2175.0 6.4228748e-10
2176.0 6.401812300000001e-10
2177.0 6.3807665e-10
2178.0 6.3597524e-10
2179.0 6.3387738e-10
2180.0 6.317854400000001e-10
2181.0 6.2969984e-10
2182.0 6.2762986e-10
2183.0 6.255678700000001e-10
2184.0 6.2350583e-10
2185.0 6.2145047e-10
2186.0 6.194007500000001e-10
2187.0 6.1735778e-10
2188.0 6.1532015e-10
2189.0 6.132901700000001e-10
2190.0 6.112679199999999e-10
2191.0 6.092540200000001e-10
2192.0 6.072494000000001e-10
2193.0 6.0526079e-10
2194.0 6.0328091e-10
2195.0 6.0130155e-10
2196.0 5.993305e-10
2197.0 5.973661300000001e-10
2198.0 5.9540828e-10
2199.0 5.934585200000001e-10
2200.0 5.9151477e-10
2201.0 5.8957845e-10
2202.0 5.876505400000001e-10
2203.0 5.8572712e-10
2204.0 5.8381217e-10
2205.0 5.819034900000001e-10
2206.0 5.8000189e-10
2207.0 5.781067500000001e-10
2208.0 5.7622513e-10
2209.0 5.743506900000001e-10
2210.0 5.724754000000001e-10
2211.0 5.7060586e-10
2212.0 5.6874379e-10
2213.0 5.6688738e-10
2214.0 5.6503758e-10
2215.0 5.6319462e-10
2216.0 5.613572100000001e-10
2217.0 5.595254e-10
2218.0 5.5769916e-10
2219.0 5.5587944e-10
2220.0 5.5406569e-10
2221.0 5.5225821e-10
2222.0 5.5045599e-10
2223.0 5.4866088e-10
2224.0 5.4687051e-10
2225.0 5.450877e-10
2226.0 5.4331031e-10
2227.0 5.4153784e-10
2228.0 5.3977151e-10
2229.0 5.380116099999999e-10
2230.0 5.362571500000001e-10
2231.0 5.3450795e-10
2232.0 5.3276445e-10
2233.0 5.310264900000001e-10
2234.0 5.292949199999999e-10
2235.0 5.2756869e-10
2236.0 5.2584897e-10
2237.0 5.2413444e-10
2238.0 5.2242679e-10
2239.0 5.2072418e-10
2240.0 5.190273200000001e-10
2241.0 5.173362600000001e-10
2242.0 5.156505100000001e-10
2243.0 5.1397122e-10
2244.0 5.122973100000001e-10
2245.0 5.106297199999999e-10
2246.0 5.0896763e-10
2247.0 5.0731193e-10
2248.0 5.0566132e-10
2249.0 5.040171000000001e-10
2250.0 5.0237901e-10
2251.0 5.0074623e-10
2252.0 4.991181300000001e-10
2253.0 4.9749653e-10
2254.0 4.958802e-10
2255.0 4.9426989e-10
2256.0 4.9266519e-10
2257.0 4.9106581e-10
2258.0 4.894734100000001e-10
2259.0 4.8788513e-10
2260.0 4.863039500000001e-10
2261.0 4.8472799e-10
2262.0 4.8315701e-10
2263.0 4.815919099999999e-10
2264.0 4.8003284e-10
2265.0 4.7847901e-10
2266.0 4.7692977e-10
2267.0 4.7538752e-10
2268.0 4.738504099999999e-10
2269.0 4.7231854e-10
2270.0 4.707923400000001e-10
2271.0 4.6927172e-10
2272.0 4.6775605e-10
2273.0 4.6624641e-10
2274.0 4.6474196e-10
2275.0 4.6324236e-10
2276.0 4.617488e-10
2277.0 4.602604e-10
2278.0 4.5877758e-10
2279.0 4.5729985e-10
2280.0 4.5582731000000003e-10
2281.0 4.5436009e-10
2282.0 4.5289851e-10
2283.0 4.5144160000000004e-10
2284.0 4.4999077000000003e-10
2285.0 4.4854469e-10
2286.0 4.4710319000000003e-10
2287.0 4.4566805e-10
2288.0 4.4423766999999997e-10
2289.0 4.4281164e-10
2290.0 4.4139136e-10
2291.0 4.3997619e-10
2292.0 4.385656e-10
2293.0 4.3716089e-10
2294.0 4.3576108e-10
2295.0 4.3436571e-10
2296.0 4.3297595e-10
2297.0 4.3159081e-10
2298.0 4.3021041e-10
2299.0 4.2883537e-10
2300.0 4.2746521e-10
2301.0 4.2609997e-10
2302.0 4.247396e-10
2303.0 4.2338372e-10
2304.0 4.2203313e-10
2305.0 4.2068756e-10
2306.0 4.1934658e-10
2307.0 4.1801037e-10
2308.0 4.1667889999999996e-10
2309.0 4.1535182e-10
2310.0 4.1402987e-10
2311.0 4.1271246e-10
2312.0 4.113996e-10
2313.0 4.1009205e-10
2314.0 4.0878875e-10
2315.0 4.0748989e-10
2316.0 4.0619609e-10
2317.0 4.0490707999999997e-10
2318.0 4.0362207e-10
2319.0 4.0234143e-10
2320.0 4.0106594000000005e-10
2321.0 3.9979519e-10
2322.0 3.9852895000000005e-10
2323.0 3.9726664e-10
2324.0 3.9600883e-10
2325.0 3.9475604000000003e-10
2326.0 3.9350771e-10
2327.0 3.9226339e-10
2328.0 3.9102393e-10
2329.0 3.8978736000000003e-10
2330.0 3.8855752e-10
2331.0 3.8732911e-10
2332.0 3.8610879e-10
2333.0 3.8489007e-10
2334.0 3.8367558e-10
2335.0 3.8246655e-10
2336.0 3.8126133e-10
2337.0 3.8006067e-10
2338.0 3.7886351000000005e-10
2339.0 3.7767141999999997e-10
2340.0 3.7648277e-10
2341.0 3.7529929000000003e-10
2342.0 3.7411928e-10
2343.0 3.7294459e-10
2344.0 3.7177259e-10
2345.0 3.7060459e-10
2346.0 3.6944128e-10
2347.0 3.6828276000000004e-10
2348.0 3.6712766e-10
2349.0 3.6597667e-10
2350.0 3.6482931e-10
2351.0 3.6368687000000003e-10
2352.0 3.6254851000000004e-10
2353.0 3.6141324e-10
2354.0 3.6028321e-10
2355.0 3.5915555e-10
2356.0 3.5803396e-10
2357.0 3.569135e-10
2358.0 3.5579883e-10
2359.0 3.5468682000000004e-10
2360.0 3.5357971e-10
2361.0 3.5247604000000005e-10
2362.0 3.5137661000000003e-10
2363.0 3.5028047999999997e-10
2364.0 3.4918885e-10
2365.0 3.4810092000000003e-10
2366.0 3.4701745e-10
2367.0 3.4593675e-10
2368.0 3.4486046e-10
2369.0 3.4378708e-10
2370.0 3.4271799e-10
2371.0 3.4165289e-10
2372.0 3.4059083e-10
2373.0 3.3953362e-10
2374.0 3.3847828e-10
2375.0 3.3742828e-10
2376.0 3.3638127e-10
2377.0 3.3533796e-10
2378.0 3.3429851e-10
2379.0 3.332621e-10
2380.0 3.3222985e-10
2381.0 3.3120107e-10
2382.0 3.3017508e-10
2383.0 3.2915386e-10
2384.0 3.2813601000000003e-10
2385.0 3.2712147000000004e-10
2386.0 3.2610967e-10
2387.0 3.2510235e-10
2388.0 3.2409812e-10
2389.0 3.2309747e-10
2390.0 3.221001e-10
2391.0 3.2110716e-10
2392.0 3.2011759e-10
2393.0 3.1913010000000005e-10
2394.0 3.1814781000000005e-10
2395.0 3.1716714e-10
2396.0 3.1619027e-10
2397.0 3.1521731000000004e-10
2398.0 3.1424707e-10
2399.0 3.1328035000000004e-10
2400.0 3.1231728e-10
2401.0 3.1135769e-10
2402.0 3.1040042000000004e-10
2403.0 3.0944755e-10
2404.0 3.0849775e-10
2405.0 3.0755103000000003e-10
2406.0 3.0660811e-10
2407.0 3.0566771e-10
2408.0 3.0473044000000004e-10
2409.0 3.0379734999999996e-10
2410.0 3.0286664e-10
2411.0 3.0193987000000003e-10
2412.0 3.0101552e-10
2413.0 3.0009533e-10
2414.0 2.9917806000000004e-10
2415.0 2.9826302e-10
2416.0 2.9735166e-10
2417.0 2.9644259999999996e-10
2418.0 2.9553832e-10
2419.0 2.946365e-10
2420.0 2.9373651e-10
2421.0 2.928407e-10
2422.0 2.9194855e-10
2423.0 2.9105903e-10
2424.0 2.9017155e-10
2425.0 2.8928876000000005e-10
2426.0 2.884073e-10
2427.0 2.8752961e-10
2428.0 2.8665523e-10
2429.0 2.8578349e-10
2430.0 2.849152e-10
2431.0 2.8404951e-10
2432.0 2.83186e-10
2433.0 2.8232658e-10
2434.0 2.8146939000000003e-10
2435.0 2.8061549e-10
2436.0 2.797644e-10
2437.0 2.7891682e-10
2438.0 2.7807183000000004e-10
2439.0 2.7722961e-10
2440.0 2.7638979e-10
2441.0 2.7555259e-10
2442.0 2.7471887e-10
2443.0 2.7388842e-10
2444.0 2.7306073e-10
2445.0 2.7223471e-10
2446.0 2.7141203000000004e-10
2447.0 2.7059231e-10
2448.0 2.6977581e-10
2449.0 2.6896158000000003e-10
2450.0 2.6814982e-10
2451.0 2.6734119e-10
2452.0 2.6653477e-10
2453.0 2.6573123e-10
2454.0 2.6493189000000003e-10
2455.0 2.6413402999999996e-10
2456.0 2.6333916e-10
2457.0 2.6254613e-10
2458.0 2.6175655e-10
2459.0 2.6097002e-10
2460.0 2.6018599000000003e-10
2461.0 2.5940397e-10
2462.0 2.5862527e-10
2463.0 2.5784798e-10
2464.0 2.5707455000000003e-10
2465.0 2.5630333999999997e-10
2466.0 2.5553579e-10
2467.0 2.5476819e-10
2468.0 2.5400536e-10
2469.0 2.5324491e-10
2470.0 2.5248674e-10
2471.0 2.5173101e-10
2472.0 2.5097825e-10
2473.0 2.5022680000000004e-10
2474.0 2.4947909000000003e-10
2475.0 2.4873338e-10
2476.0 2.4798966e-10
2477.0 2.4724939e-10
2478.0 2.4651134e-10
2479.0 2.4577506e-10
2480.0 2.4504174e-10
2481.0 2.4431161e-10
2482.0 2.435834e-10
2483.0 2.428574e-10
2484.0 2.4213409000000004e-10
2485.0 2.4141314999999997e-10
2486.0 2.4069452e-10
2487.0 2.3997870000000003e-10
2488.0 2.3926529e-10
2489.0 2.3855357e-10
2490.0 2.3784461000000004e-10
2491.0 2.3713771e-10
2492.0 2.3643354000000003e-10
2493.0 2.3573165000000003e-10
2494.0 2.3503202e-10
2495.0 2.3433471e-10
2496.0 2.3364047e-10
2497.0 2.3294747e-10
2498.0 2.3225654000000003e-10
2499.0 2.3156896e-10
2500.0 2.3088311e-10
