# Output file from SSolar_GOA model
#   Input Data
#  Ext. Spectrum= Wehrli
# lat=41.66 lon=-4.7 sza=29.358 jday=152
#  p=1013.0 o3=300.0 h2o=1.5 alb=0.2
#  alpha=1.5 beta=0.05 Wa=0.98 g=0.75
# Wavelength Global Direct Diffuse
400 1.06514 0.77937 0.38586
401 1.14554 0.84119 0.41238
402 1.18229 0.87123 0.42294
403 1.18933 0.87947 0.42281
404 1.18439 0.87883 0.41843
405 1.18231 0.88026 0.41510
406 1.18062 0.88195 0.41194
407 1.16956 0.87657 0.40556
408 1.17441 0.88308 0.40474
409 1.19318 0.90010 0.40868
410 1.20780 0.91402 0.41116
411 1.22614 0.93082 0.41486
412 1.23323 0.93912 0.41472
413 1.23740 0.94519 0.41360
414 1.25458 0.96122 0.41680
415 1.25789 0.96665 0.41538
416 1.24818 0.96203 0.40970
417 1.24533 0.96264 0.40632
418 1.25015 0.96916 0.40545
419 1.24696 0.96945 0.40201
420 1.23395 0.96204 0.39546
421 1.23400 0.96477 0.39314
422 1.24135 0.97319 0.39314
423 1.24326 0.97734 0.39143
424 1.23480 0.97331 0.38649
425 1.21556 0.96070 0.37825
426 1.20055 0.95133 0.37140
427 1.16650 0.92675 0.35877
428 1.13359 0.90292 0.34663
429 1.12807 0.90081 0.34295
430 1.12858 0.90348 0.34113
431 1.13684 0.91235 0.34166
432 1.15044 0.92553 0.34377
433 1.18250 0.95364 0.35134
434 1.24277 1.00465 0.36715
435 1.27307 1.03158 0.37397
436 1.27749 1.03759 0.37315
437 1.28720 1.04791 0.37387
438 1.30118 1.06172 0.37581
439 1.32969 1.08744 0.38190
440 1.34340 1.10113 0.38369
441 1.35246 1.11101 0.38413
442 1.37599 1.13283 0.38865
443 1.39424 1.15034 0.39163
444 1.41829 1.17270 0.39620
445 1.44109 1.19409 0.40036
446 1.44715 1.20162 0.39985
447 1.46345 1.21768 0.40215
448 1.48444 1.23769 0.40570
449 1.49945 1.25275 0.40758
450 1.51140 1.26528 0.40862
451 1.51177 1.26811 0.40652
452 1.51110 1.27005 0.40416
453 1.51824 1.27854 0.40390
454 1.51993 1.28243 0.40220
455 1.51159 1.27783 0.39787
456 1.50875 1.27784 0.39502
457 1.51703 1.28725 0.39509
458 1.52569 1.29700 0.39526
459 1.53435 1.30676 0.39542
460 1.53700 1.31138 0.39403
461 1.52972 1.30751 0.39012
462 1.52819 1.30853 0.38771
463 1.52862 1.31120 0.38582
464 1.52384 1.30937 0.38262
465 1.52046 1.30872 0.37981
466 1.51219 1.30382 0.37581
467 1.49831 1.29404 0.37046
468 1.49286 1.29149 0.36724
469 1.49608 1.29641 0.36616
470 1.50086 1.30268 0.36547
471 1.50759 1.31065 0.36526
472 1.51183 1.31645 0.36445
473 1.51227 1.31893 0.36273
474 1.52218 1.32966 0.36328
475 1.53345 1.34160 0.36415
476 1.53523 1.34523 0.36277
477 1.53980 1.35129 0.36204
478 1.54458 1.35754 0.36138
479 1.54738 1.36205 0.36026
480 1.55148 1.36768 0.35944
481 1.55003 1.36842 0.35735
482 1.53550 1.35757 0.35228
483 1.50217 1.33002 0.34296
484 1.46735 1.30104 0.33339
485 1.44748 1.28525 0.32729
486 1.43546 1.27636 0.32301
487 1.43242 1.27543 0.32079
488 1.42876 1.27392 0.31844
489 1.42935 1.27619 0.31706
490 1.44827 1.29483 0.31973
491 1.47581 1.32123 0.32427
492 1.48963 1.33536 0.32576
493 1.49419 1.34121 0.32522
494 1.49858 1.34691 0.32465
495 1.49831 1.34840 0.32307
496 1.50082 1.35239 0.32211
497 1.50332 1.35636 0.32115
498 1.48824 1.34445 0.31646
499 1.47308 1.33241 0.31179
500 1.46688 1.32843 0.30905
501 1.45396 1.31835 0.30492
502 1.45246 1.31859 0.30322
503 1.45867 1.32582 0.30313
504 1.46053 1.32909 0.30213
505 1.46879 1.33818 0.30247
506 1.47681 1.34706 0.30275
507 1.47970 1.35127 0.30198
508 1.48828 1.36066 0.30236
509 1.48933 1.36317 0.30122
510 1.47793 1.35427 0.29759
511 1.47139 1.34978 0.29495
512 1.46908 1.34916 0.29319
513 1.45500 1.33770 0.28909
514 1.42983 1.31600 0.28284
515 1.39946 1.28944 0.27562
516 1.37868 1.27165 0.27034
517 1.37524 1.26984 0.26849
518 1.37565 1.27155 0.26740
519 1.37351 1.27090 0.26583
520 1.38186 1.27996 0.26629
521 1.40676 1.30436 0.26992
522 1.43450 1.33143 0.27405
523 1.44097 1.33880 0.27411
524 1.43213 1.33192 0.27127
525 1.43129 1.33246 0.26995
526 1.43535 1.33756 0.26957
527 1.44322 1.34621 0.26990
528 1.44603 1.35014 0.26929
529 1.43693 1.34293 0.26646
530 1.44126 1.34827 0.26615
531 1.45667 1.36398 0.26787
532 1.46356 1.37171 0.26801
533 1.46622 1.37549 0.26738
534 1.45976 1.37069 0.26510
535 1.45281 1.36541 0.26275
536 1.45340 1.36721 0.26177
537 1.44904 1.36434 0.25991
538 1.44231 1.35923 0.25765
539 1.43504 1.35357 0.25530
540 1.42691 1.34709 0.25282
541 1.42709 1.34844 0.25183
542 1.42686 1.34939 0.25077
543 1.42926 1.35282 0.25017
544 1.43519 1.35960 0.25020
545 1.43766 1.36309 0.24963
546 1.44070 1.36712 0.24915
547 1.44367 1.37109 0.24867
548 1.44247 1.37108 0.24747
549 1.43905 1.36895 0.24591
550 1.43638 1.36752 0.24448
551 1.44010 1.37218 0.24415
552 1.44560 1.37852 0.24411
553 1.44339 1.37751 0.24279
554 1.43848 1.37392 0.24101
555 1.43304 1.36979 0.23916
556 1.42627 1.36439 0.23711
557 1.42218 1.36152 0.23551
558 1.41602 1.35667 0.23359
559 1.40926 1.35122 0.23157
560 1.40893 1.35192 0.23063
561 1.41032 1.35428 0.22997
562 1.40999 1.35496 0.22904
563 1.41050 1.35646 0.22825
564 1.41227 1.35916 0.22767
565 1.41124 1.35915 0.22664
566 1.40806 1.35707 0.22527
567 1.40051 1.35077 0.22322
568 1.39002 1.34161 0.22071
569 1.38972 1.34227 0.21984
570 1.39546 1.34875 0.21992
571 1.39661 1.35081 0.21928
572 1.39658 1.35172 0.21846
573 1.39787 1.35390 0.21785
574 1.40333 1.36011 0.21789
575 1.40752 1.36509 0.21774
576 1.40414 1.36274 0.21641
577 1.40168 1.36126 0.21524
578 1.40179 1.36227 0.21447
579 1.40602 1.36728 0.21433
580 1.41121 1.37323 0.21434
581 1.41359 1.37644 0.21392
582 1.41500 1.37870 0.21336
583 1.41544 1.38001 0.21266
584 1.41491 1.38038 0.21181
585 1.40552 1.37208 0.20965
586 1.37762 1.34569 0.20475
587 1.35095 1.32046 0.20007
588 1.33292 1.30364 0.19670
589 1.31958 1.29139 0.19404
590 1.31254 1.28529 0.19232
591 1.30306 1.27677 0.19026
592 1.30000 1.27454 0.18914
593 1.31409 1.28913 0.19052
594 1.32530 1.30090 0.19147
595 1.32433 1.30071 0.19066
596 1.32589 1.30302 0.19022
597 1.32704 1.30490 0.18972
598 1.32983 1.30840 0.18946
599 1.33282 1.31210 0.18923
600 1.33639 1.31636 0.18908
601 1.34249 1.32312 0.18929
602 1.34902 1.33031 0.18956
603 1.35344 1.33541 0.18953
604 1.35694 1.33961 0.18937
605 1.35975 1.34313 0.18912
606 1.36254 1.34663 0.18886
607 1.36077 1.34561 0.18797
608 1.35557 1.34119 0.18662
609 1.35159 1.33798 0.18545
610 1.34507 1.33223 0.18393
611 1.33933 1.32725 0.18253
612 1.33628 1.32493 0.18151
613 1.32817 1.31758 0.17980
614 1.32191 1.31205 0.17836
615 1.32203 1.31285 0.17778
616 1.32206 1.31356 0.17720
617 1.32608 1.31822 0.17715
618 1.32869 1.32149 0.17691
619 1.32841 1.32188 0.17629
620 1.33266 1.32677 0.17628
621 1.33402 1.32879 0.17588
622 1.32695 1.32240 0.17438
623 1.32184 1.31796 0.17314
624 1.31948 1.31625 0.17227
625 1.31746 1.31488 0.17145
626 1.30061 1.29868 0.16871
627 1.29706 1.29577 0.16770
628 1.28498 1.28431 0.16561
629 1.29073 1.29067 0.16581
630 1.29422 1.29477 0.16573
631 1.29378 1.29494 0.16515
632 1.29351 1.29527 0.16458
633 1.29353 1.29589 0.16406
634 1.29506 1.29802 0.16374
635 1.29821 1.30177 0.16362
636 1.30066 1.30483 0.16341
637 1.30052 1.30527 0.16288
638 1.29770 1.30303 0.16201
639 1.29481 1.30071 0.16115
640 1.29219 1.29866 0.16032
641 1.28948 1.29650 0.15948
642 1.28611 1.29368 0.15857
643 1.27959 1.28768 0.15728
644 1.27144 1.28004 0.15579
645 1.26088 1.26995 0.15402
646 1.24712 1.25663 0.15187
647 1.23671 1.24667 0.15014
648 1.23003 1.24046 0.14887
649 1.22704 1.23797 0.14805
650 1.22801 1.23947 0.14772
651 1.22731 1.23929 0.14719
652 1.22483 1.23729 0.14644
653 1.21786 1.23076 0.14517
654 1.19823 1.21142 0.14240
655 1.18425 1.19777 0.14031
656 1.18086 1.19482 0.13949
657 1.18053 1.19497 0.13903
658 1.18514 1.20012 0.13915
659 1.19329 1.20885 0.13969
660 1.20912 1.22536 0.14112
661 1.23303 1.25009 0.14348
662 1.24695 1.26470 0.14467
663 1.24915 1.26742 0.14450
664 1.24829 1.26703 0.14397
665 1.24613 1.26533 0.14330
666 1.24545 1.26513 0.14280
667 1.24383 1.26396 0.14220
668 1.24000 1.26054 0.14134
669 1.23621 1.25717 0.14050
670 1.23400 1.25539 0.13984
671 1.23247 1.25430 0.13926
672 1.22966 1.25190 0.13854
673 1.22596 1.24859 0.13772
674 1.22397 1.24702 0.13710
675 1.22296 1.24645 0.13659
676 1.22109 1.24499 0.13599
677 1.21848 1.24278 0.13531
678 1.21599 1.24068 0.13465
679 1.21337 1.23845 0.13397
680 1.20989 1.23533 0.13321
681 1.20480 1.23057 0.13227
682 1.19887 1.22494 0.13125
683 1.19452 1.22091 0.13040
684 1.19120 1.21795 0.12967
685 1.18817 1.21527 0.12897
686 1.17456 1.20176 0.12714
687 1.06179 1.08675 0.11461
688 1.05148 1.07656 0.11318
689 1.08742 1.11374 0.11672
690 1.08373 1.11032 0.11600
691 1.10349 1.13095 0.11778
692 1.10835 1.13631 0.11797
693 1.10534 1.13360 0.11733
694 1.09902 1.12749 0.11633
695 1.09439 1.12310 0.11552
696 1.09194 1.12096 0.11495
697 1.08945 1.11876 0.11437
698 1.08361 1.11312 0.11344
699 1.07647 1.10614 0.11239
700 1.07200 1.10190 0.11162
701 1.07063 1.10084 0.11117
702 1.07140 1.10198 0.11095
703 1.07386 1.10486 0.11090
704 1.07888 1.11036 0.11112
705 1.08336 1.11532 0.11128
706 1.08637 1.11877 0.11128
707 1.08902 1.12183 0.11125
708 1.09003 1.12322 0.11106
709 1.08938 1.12289 0.11069
710 1.08854 1.12237 0.11031
711 1.08754 1.12168 0.10992
712 1.08519 1.11958 0.10939
713 1.07677 1.11123 0.10825
714 1.06011 1.09436 0.10629
715 1.03470 1.06845 0.10347
716 1.00069 1.03363 0.09980
717 0.96480 0.99685 0.09597
718 0.93744 0.96886 0.09300
719 0.92203 0.95321 0.09124
720 0.91729 0.94858 0.09053
721 0.92460 0.95642 0.09101
722 0.93638 0.96888 0.09193
723 0.94284 0.97584 0.09232
724 0.94244 0.97570 0.09204
725 0.94069 0.97416 0.09163
726 0.93411 0.96762 0.09076
727 0.92834 0.96191 0.08996
728 0.92842 0.96226 0.08974
729 0.93494 0.96928 0.09014
730 0.94291 0.97781 0.09067
731 0.95421 0.98981 0.09152
732 0.96916 1.00558 0.09272
733 0.98512 1.02242 0.09400
734 0.99753 1.03558 0.09495
735 1.00496 1.04357 0.09541
736 1.00807 1.04708 0.09546
737 1.00937 1.04871 0.09534
738 1.01011 1.04975 0.09517
739 1.01333 1.05338 0.09523
740 1.01911 1.05966 0.09554
741 1.02470 1.06575 0.09582
742 1.03010 1.07164 0.09608
743 1.03590 1.07796 0.09638
744 1.04221 1.08480 0.09673
745 1.04773 1.09083 0.09699
746 1.04983 1.09329 0.09695
747 1.04925 1.09296 0.09665
748 1.04798 1.09191 0.09630
749 1.04664 1.09079 0.09593
750 1.04458 1.08891 0.09551
751 1.04201 1.08650 0.09504
752 1.04000 1.08468 0.09462
753 1.03818 1.08305 0.09422
754 1.03639 1.08144 0.09383
755 1.03464 1.07988 0.09344
756 1.03237 1.07777 0.09301
757 1.02993 1.07548 0.09256
758 1.02220 1.06767 0.09165
759 0.84785 0.88578 0.07583
760 0.60423 0.63141 0.05391
761 0.53454 0.55871 0.04758
762 0.64052 0.66964 0.05687
763 0.69078 0.72237 0.06119
764 0.69128 0.72306 0.06108
765 0.77778 0.81372 0.06856
766 0.84960 0.88907 0.07471
767 0.90471 0.94696 0.07937
768 0.95007 0.99467 0.08315
769 0.96827 1.01395 0.08454
770 0.98281 1.02941 0.08560
771 0.99009 1.03727 0.08603
772 0.99174 1.03923 0.08597
773 0.99124 1.03894 0.08573
774 0.99091 1.03883 0.08549
775 0.98979 1.03788 0.08520
776 0.98780 1.03603 0.08482
777 0.98536 1.03370 0.08442
778 0.98404 1.03254 0.08411
779 0.98327 1.03196 0.08384
780 0.98135 1.03017 0.08348
781 0.97914 1.02807 0.08310
782 0.97751 1.02658 0.08277
783 0.97540 1.02458 0.08240
784 0.97228 1.02152 0.08194
785 0.96754 1.01676 0.08136
786 0.96167 1.01080 0.08068
787 0.95443 1.00341 0.07988
788 0.94594 0.99469 0.07899
789 0.93716 0.98567 0.07808
790 0.93002 0.97837 0.07730
791 0.92536 0.97367 0.07674
792 0.92165 0.96996 0.07626
793 0.91966 0.96807 0.07592
794 0.91995 0.96857 0.07577
795 0.91870 0.96745 0.07549
796 0.91558 0.96436 0.07507
797 0.91352 0.96239 0.07473
798 0.91267 0.96169 0.07449
799 0.91086 0.95997 0.07417
800 0.90749 0.95661 0.07373
801 0.90368 0.95278 0.07326
802 0.90107 0.95023 0.07288
803 0.90064 0.94995 0.07268
804 0.90159 0.95114 0.07260
805 0.90124 0.95096 0.07241
806 0.89917 0.94896 0.07208
807 0.89741 0.94729 0.07178
808 0.89512 0.94506 0.07144
809 0.89120 0.94110 0.07096
810 0.88426 0.93395 0.07026
811 0.87392 0.92320 0.06928
812 0.86184 0.91062 0.06817
813 0.84879 0.89699 0.06699
814 0.83335 0.88085 0.06563
815 0.81130 0.85770 0.06375
816 0.79460 0.84021 0.06230
817 0.78570 0.83094 0.06147
818 0.78377 0.82906 0.06118
819 0.78365 0.82909 0.06104
820 0.78608 0.83181 0.06110
821 0.79003 0.83614 0.06127
822 0.79703 0.84371 0.06168
823 0.80046 0.84749 0.06181
824 0.80715 0.85473 0.06219
825 0.81200 0.86003 0.06243
826 0.81427 0.86258 0.06247
827 0.81665 0.86526 0.06252
828 0.81774 0.86657 0.06246
829 0.81492 0.86373 0.06212
830 0.81116 0.85990 0.06170
831 0.81066 0.85952 0.06153
832 0.81273 0.86186 0.06155
833 0.81614 0.86563 0.06168
834 0.81947 0.86932 0.06180
835 0.82185 0.87199 0.06185
836 0.82455 0.87501 0.06192
837 0.82871 0.87957 0.06210
838 0.83167 0.88287 0.06219
839 0.83247 0.88387 0.06212
840 0.83245 0.88400 0.06198
841 0.83317 0.88491 0.06191
842 0.83533 0.88735 0.06194
843 0.83805 0.89040 0.06201
844 0.83967 0.89227 0.06200
845 0.83738 0.88998 0.06170
846 0.83229 0.88472 0.06119
847 0.82874 0.88109 0.06081
848 0.82556 0.87785 0.06045
849 0.81966 0.87173 0.05989
850 0.81242 0.86417 0.05924
851 0.80125 0.85242 0.05830
852 0.78702 0.83742 0.05715
853 0.78462 0.83500 0.05686
854 0.78865 0.83943 0.05703
855 0.79047 0.84150 0.05704
856 0.79349 0.84484 0.05714
857 0.79824 0.85004 0.05737
858 0.80838 0.86098 0.05798
859 0.82419 0.87796 0.05899
860 0.83178 0.88618 0.05941
861 0.82939 0.88377 0.05912
862 0.82592 0.88021 0.05875
863 0.81769 0.87157 0.05805
864 0.80399 0.85710 0.05696
865 0.79540 0.84808 0.05624
866 0.79184 0.84441 0.05587
867 0.78915 0.84167 0.05557
868 0.78944 0.84211 0.05548
869 0.79089 0.84378 0.05547
870 0.79714 0.85058 0.05579
871 0.80906 0.86343 0.05652
872 0.81587 0.87083 0.05688
873 0.81763 0.87284 0.05689
874 0.81840 0.87380 0.05682
875 0.81643 0.87182 0.05657
876 0.81337 0.86868 0.05625
877 0.81077 0.86604 0.05596
878 0.80790 0.86310 0.05565
879 0.80407 0.85913 0.05528
880 0.79919 0.85404 0.05483
881 0.79523 0.84993 0.05445
882 0.79360 0.84831 0.05423
883 0.79248 0.84724 0.05405
884 0.79044 0.84518 0.05380
885 0.78829 0.84301 0.05355
886 0.78707 0.84181 0.05336
887 0.78663 0.84147 0.05323
888 0.78446 0.83927 0.05298
889 0.77982 0.83442 0.05256
890 0.77377 0.82806 0.05205
891 0.76633 0.82021 0.05145
892 0.75465 0.80782 0.05057
893 0.73851 0.79066 0.04939
894 0.71861 0.76947 0.04797
895 0.69392 0.74312 0.04623
896 0.66614 0.71348 0.04429
897 0.63881 0.68430 0.04239
898 0.61464 0.65849 0.04071
899 0.59539 0.63796 0.03936
900 0.58496 0.62687 0.03860
901 0.58323 0.62510 0.03841
902 0.58911 0.63149 0.03872
903 0.59976 0.64299 0.03935
904 0.61023 0.65431 0.03996
905 0.61209 0.65639 0.04000
906 0.60387 0.64766 0.03939
907 0.58981 0.63266 0.03840
908 0.57531 0.61719 0.03738
909 0.56141 0.60236 0.03641
910 0.55116 0.59144 0.03568
911 0.54565 0.58560 0.03525
912 0.54327 0.58312 0.03503
913 0.54208 0.58193 0.03489
914 0.54313 0.58313 0.03489
915 0.54705 0.58741 0.03508
916 0.55306 0.59394 0.03540
917 0.56105 0.60260 0.03584
918 0.57075 0.61310 0.03639
919 0.58146 0.62468 0.03701
920 0.58865 0.63249 0.03739
921 0.59203 0.63620 0.03754
922 0.59184 0.63607 0.03746
923 0.58731 0.63129 0.03710
924 0.57855 0.62195 0.03648
925 0.56871 0.61144 0.03579
926 0.55519 0.59698 0.03488
927 0.53458 0.57489 0.03352
928 0.50636 0.54461 0.03169
929 0.47184 0.50755 0.02948
930 0.42899 0.46151 0.02675
931 0.38208 0.41109 0.02378
932 0.33577 0.36131 0.02086
933 0.29348 0.31584 0.01820
934 0.25980 0.27963 0.01608
935 0.24556 0.26434 0.01517
936 0.25167 0.27094 0.01552
937 0.27297 0.29391 0.01680
938 0.30364 0.32697 0.01866
939 0.33473 0.36049 0.02053
940 0.35508 0.38246 0.02174
941 0.36123 0.38913 0.02208
942 0.35502 0.38248 0.02166
943 0.34086 0.36727 0.02076
944 0.32705 0.35244 0.01988
945 0.31878 0.34356 0.01934
946 0.31770 0.34244 0.01924
947 0.32466 0.34997 0.01963
948 0.33453 0.36066 0.02019
949 0.34177 0.36851 0.02059
950 0.34829 0.37558 0.02094
951 0.35397 0.38175 0.02125
952 0.35606 0.38404 0.02133
953 0.35954 0.38785 0.02150
954 0.36746 0.39644 0.02194
955 0.37532 0.40496 0.02237
956 0.38453 0.41494 0.02288
957 0.39659 0.42801 0.02355
958 0.40771 0.44005 0.02417
959 0.41517 0.44816 0.02457
960 0.42101 0.45452 0.02487
961 0.42577 0.45970 0.02511
962 0.43037 0.46472 0.02533
963 0.43692 0.47185 0.02567
964 0.44752 0.48334 0.02625
965 0.46236 0.49942 0.02707
966 0.48045 0.51902 0.02808
967 0.50028 0.54051 0.02919
968 0.51943 0.56126 0.03025
969 0.53499 0.57813 0.03110
970 0.54516 0.58919 0.03164
971 0.54867 0.59304 0.03179
972 0.54471 0.58883 0.03150
973 0.53746 0.58106 0.03103
974 0.53146 0.57462 0.03063
975 0.52878 0.57179 0.03042
976 0.53049 0.57369 0.03047
977 0.53590 0.57960 0.03073
978 0.54342 0.58780 0.03110
979 0.55304 0.59827 0.03160
980 0.56302 0.60914 0.03212
981 0.57175 0.61864 0.03256
982 0.58003 0.62767 0.03297
983 0.58805 0.63642 0.03337
984 0.59614 0.64524 0.03377
985 0.60429 0.65413 0.03418
986 0.61169 0.66220 0.03453
987 0.61754 0.66860 0.03481
988 0.62146 0.67292 0.03497
989 0.62288 0.67452 0.03499
990 0.62392 0.67572 0.03499
991 0.62564 0.67765 0.03502
992 0.62673 0.67890 0.03502
993 0.62622 0.67841 0.03494
994 0.62488 0.67702 0.03480
995 0.62331 0.67539 0.03466
996 0.62176 0.67378 0.03451
997 0.62023 0.67219 0.03437
998 0.61783 0.66965 0.03418
999 0.61526 0.66693 0.03398
1000 0.61341 0.66499 0.03382
1001 0.61215 0.66370 0.03369
1002 0.61096 0.66247 0.03357
1003 0.61002 0.66151 0.03346
1004 0.60921 0.66070 0.03336
1005 0.60819 0.65966 0.03325
1006 0.60662 0.65801 0.03311
1007 0.60484 0.65615 0.03296
1008 0.60294 0.65415 0.03280
1009 0.60164 0.65280 0.03268
1010 0.60138 0.65258 0.03261
1011 0.60194 0.65325 0.03258
1012 0.60250 0.65392 0.03256
1013 0.60292 0.65443 0.03253
1014 0.60270 0.65426 0.03246
1015 0.60162 0.65315 0.03235
1016 0.59978 0.65122 0.03220
1017 0.59756 0.64886 0.03203
1018 0.59502 0.64616 0.03184
1019 0.59195 0.64289 0.03162
1020 0.58814 0.63881 0.03137
1021 0.58551 0.63602 0.03118
1022 0.58364 0.63404 0.03103
1023 0.58202 0.63234 0.03089
1024 0.58085 0.63112 0.03078
1025 0.58045 0.63075 0.03071
1026 0.58073 0.63111 0.03067
1027 0.58135 0.63184 0.03065
1028 0.58092 0.63143 0.03058
1029 0.57990 0.63038 0.03048
1030 0.57887 0.62931 0.03038
1031 0.57810 0.62854 0.03029
1032 0.57750 0.62794 0.03021
1033 0.57717 0.62764 0.03014
1034 0.57732 0.62785 0.03010
1035 0.57779 0.62842 0.03008
1036 0.57822 0.62894 0.03005
1037 0.57825 0.62903 0.03000
1038 0.57781 0.62861 0.02993
1039 0.57690 0.62767 0.02984
1040 0.57535 0.62604 0.02971
1041 0.57403 0.62466 0.02959
1042 0.57306 0.62365 0.02950
1043 0.57259 0.62320 0.02943
1044 0.57241 0.62306 0.02937
1045 0.57200 0.62266 0.02930
1046 0.57083 0.62144 0.02920
1047 0.56997 0.62056 0.02911
1048 0.56876 0.61930 0.02900
1049 0.56614 0.61649 0.02882
1050 0.56311 0.61325 0.02862
1051 0.56005 0.60997 0.02842
1052 0.55701 0.60671 0.02822
1053 0.55442 0.60393 0.02804
1054 0.55152 0.60083 0.02785
1055 0.54882 0.59794 0.02767
1056 0.54655 0.59551 0.02752
1057 0.54383 0.59259 0.02734
1058 0.54136 0.58996 0.02717
1059 0.53968 0.58818 0.02704
1060 0.53856 0.58700 0.02694
1061 0.53784 0.58627 0.02687
1062 0.53697 0.58537 0.02678
1063 0.53581 0.58415 0.02668
1064 0.53466 0.58294 0.02658
1065 0.53377 0.58202 0.02650
1066 0.53272 0.58093 0.02640
1067 0.53106 0.57916 0.02628
1068 0.52914 0.57711 0.02615
1069 0.52681 0.57461 0.02599
1070 0.52344 0.57099 0.02578
1071 0.52010 0.56738 0.02558
1072 0.51763 0.56474 0.02542
1073 0.51528 0.56222 0.02527
1074 0.51397 0.56083 0.02516
1075 0.51235 0.55910 0.02504
1076 0.50957 0.55613 0.02487
1077 0.50749 0.55389 0.02473
1078 0.50412 0.55026 0.02453
1079 0.49914 0.54487 0.02425
1080 0.49557 0.54101 0.02404
1081 0.49296 0.53820 0.02388
1082 0.48935 0.53430 0.02367
1083 0.48457 0.52913 0.02340
1084 0.47908 0.52317 0.02310
1085 0.47520 0.51897 0.02288
1086 0.47409 0.51780 0.02279
1087 0.47436 0.51814 0.02277
1088 0.47356 0.51730 0.02269
1089 0.47144 0.51503 0.02256
1090 0.46800 0.51130 0.02236
1091 0.46218 0.50499 0.02205
1092 0.45535 0.49756 0.02169
1093 0.44713 0.48861 0.02127
1094 0.43984 0.48068 0.02089
1095 0.43442 0.47479 0.02060
1096 0.42738 0.46714 0.02024
1097 0.41472 0.45333 0.01961
1098 0.39863 0.43578 0.01882
1099 0.38530 0.42124 0.01816
1100 0.37589 0.41097 0.01769
1101 0.35975 0.39336 0.01691
1102 0.36068 0.39440 0.01693
1103 0.36075 0.39451 0.01690
1104 0.35666 0.39007 0.01669
1105 0.35040 0.38325 0.01637
1106 0.34489 0.37725 0.01609
1107 0.34233 0.37447 0.01595
1108 0.34215 0.37431 0.01591
1109 0.34497 0.37742 0.01602
1110 0.34433 0.37674 0.01597
1111 0.33640 0.36810 0.01558
1112 0.32173 0.35207 0.01488
1113 0.30488 0.33365 0.01408
1114 0.28244 0.30911 0.01302
1115 0.25440 0.27845 0.01171
1116 0.22500 0.24629 0.01034
1117 0.19235 0.21057 0.00883
1118 0.16323 0.17870 0.00748
1119 0.13900 0.15218 0.00636
1120 0.11930 0.13062 0.00545
1121 0.10514 0.11512 0.00480
1122 0.09911 0.10853 0.00452
1123 0.09832 0.10768 0.00447
1124 0.09821 0.10757 0.00446
1125 0.10133 0.11098 0.00460
1126 0.10259 0.11238 0.00465
1127 0.10390 0.11381 0.00470
1128 0.11017 0.12069 0.00498
1129 0.12592 0.13796 0.00568
1130 0.14699 0.16105 0.00662
1131 0.16297 0.17857 0.00733
1132 0.15083 0.16528 0.00677
1133 0.11996 0.13147 0.00538
1134 0.10488 0.11494 0.00470
1135 0.10196 0.11175 0.00456
1136 0.11190 0.12265 0.00500
1137 0.14308 0.15684 0.00638
1138 0.18784 0.20592 0.00836
1139 0.21683 0.23772 0.00964
1140 0.21991 0.24111 0.00976
1141 0.21277 0.23330 0.00943
1142 0.19778 0.21688 0.00876
1143 0.17901 0.19631 0.00791
1144 0.16247 0.17819 0.00717
1145 0.15263 0.16740 0.00673
1146 0.15022 0.16477 0.00661
1147 0.15470 0.16969 0.00680
1148 0.16543 0.18148 0.00726
1149 0.17725 0.19446 0.00777
1150 0.18794 0.20619 0.00823
1151 0.19408 0.21295 0.00848
1152 0.19859 0.21790 0.00867
1153 0.20475 0.22468 0.00892
1154 0.21315 0.23391 0.00928
1155 0.22515 0.24709 0.00979
1156 0.23997 0.26337 0.01042
1157 0.26023 0.28564 0.01128
1158 0.28223 0.30980 0.01222
1159 0.30051 0.32989 0.01299
1160 0.31360 0.34427 0.01353
1161 0.32430 0.35605 0.01398
1162 0.33482 0.36762 0.01441
1163 0.34470 0.37850 0.01481
1164 0.35271 0.38731 0.01514
1165 0.35740 0.39248 0.01532
1166 0.35907 0.39435 0.01537
1167 0.35964 0.39500 0.01537
1168 0.36079 0.39629 0.01540
1169 0.36222 0.39788 0.01544
1170 0.36416 0.40004 0.01550
1171 0.36502 0.40100 0.01551
1172 0.36429 0.40022 0.01546
1173 0.36441 0.40038 0.01545
1174 0.36505 0.40112 0.01545
1175 0.36518 0.40128 0.01544
1176 0.36507 0.40118 0.01541
1177 0.36604 0.40228 0.01543
1178 0.36453 0.40064 0.01535
1179 0.36028 0.39599 0.01515
1180 0.35470 0.38989 0.01489
1181 0.35028 0.38504 0.01468
1182 0.34659 0.38101 0.01451
1183 0.34483 0.37910 0.01442
1184 0.34569 0.38006 0.01443
1185 0.34645 0.38093 0.01444
1186 0.34596 0.38041 0.01440
1187 0.34538 0.37979 0.01436
1188 0.34558 0.38004 0.01435
1189 0.34623 0.38078 0.01436
1190 0.35088 0.38592 0.01453
1191 0.35787 0.39363 0.01480
1192 0.36370 0.40006 0.01502
1193 0.36596 0.40257 0.01509
1194 0.36542 0.40200 0.01505
1195 0.36141 0.39761 0.01487
1196 0.35669 0.39244 0.01465
1197 0.35191 0.38720 0.01444
1198 0.34831 0.38326 0.01427
1199 0.34591 0.38064 0.01415
1200 0.34594 0.38070 0.01413
1201 0.34655 0.38139 0.01414
1202 0.34807 0.38308 0.01418
1203 0.35074 0.38605 0.01427
1204 0.35469 0.39041 0.01441
1205 0.35753 0.39356 0.01451
1206 0.36013 0.39645 0.01460
1207 0.36168 0.39817 0.01464
1208 0.36051 0.39691 0.01457
1209 0.35728 0.39337 0.01442
1210 0.35526 0.39117 0.01432
1211 0.35419 0.39002 0.01426
1212 0.35469 0.39059 0.01426
1213 0.35639 0.39249 0.01431
1214 0.35926 0.39567 0.01441
1215 0.36221 0.39894 0.01450
1216 0.36544 0.40252 0.01461
1217 0.36844 0.40585 0.01472
1218 0.37157 0.40932 0.01482
1219 0.37380 0.41179 0.01489
1220 0.37491 0.41304 0.01491
1221 0.37487 0.41301 0.01489
1222 0.37460 0.41275 0.01486
1223 0.37427 0.41240 0.01483
1224 0.37432 0.41248 0.01481
1225 0.37451 0.41271 0.01480
1226 0.37497 0.41325 0.01480
1227 0.37563 0.41399 0.01481
1228 0.37696 0.41548 0.01484
1229 0.37817 0.41684 0.01487
1230 0.37947 0.41830 0.01490
1231 0.38048 0.41943 0.01492
1232 0.38130 0.42035 0.01493
1233 0.38174 0.42085 0.01493
1234 0.38213 0.42131 0.01493
1235 0.38258 0.42183 0.01492
1236 0.38317 0.42251 0.01493
1237 0.38359 0.42298 0.01492
1238 0.38355 0.42297 0.01490
1239 0.38308 0.42247 0.01487
1240 0.38239 0.42174 0.01482
1241 0.38172 0.42102 0.01478
1242 0.38079 0.42001 0.01472
1243 0.37970 0.41882 0.01466
1244 0.37897 0.41805 0.01461
1245 0.37871 0.41778 0.01458
1246 0.37825 0.41730 0.01455
1247 0.37798 0.41701 0.01452
1248 0.37787 0.41691 0.01449
1249 0.37736 0.41638 0.01446
1250 0.37678 0.41576 0.01442
1251 0.37580 0.41470 0.01436
1252 0.37473 0.41353 0.01430
1253 0.37342 0.41212 0.01423
1254 0.37248 0.41110 0.01418
1255 0.37161 0.41016 0.01413
1256 0.37077 0.40925 0.01408
1257 0.37002 0.40845 0.01403
1258 0.36931 0.40768 0.01399
1259 0.36843 0.40673 0.01394
1260 0.36737 0.40558 0.01388
1261 0.36624 0.40436 0.01382
1262 0.36518 0.40320 0.01376
1263 0.36425 0.40219 0.01371
1264 0.36301 0.40085 0.01364
1265 0.36194 0.39969 0.01359
1266 0.36120 0.39889 0.01354
1267 0.36040 0.39802 0.01349
1268 0.35954 0.39709 0.01345
1269 0.35894 0.39645 0.01341
1270 0.35823 0.39568 0.01336
1271 0.35765 0.39506 0.01332
1272 0.35713 0.39451 0.01329
1273 0.35654 0.39387 0.01325
1274 0.35574 0.39301 0.01320
1275 0.35483 0.39202 0.01315
1276 0.35354 0.39062 0.01309
1277 0.35135 0.38822 0.01299
1278 0.34714 0.38358 0.01282
1279 0.34235 0.37831 0.01263
1280 0.33773 0.37322 0.01244
1281 0.33336 0.36841 0.01226
1282 0.33000 0.36471 0.01213
1283 0.33076 0.36557 0.01214
1284 0.33254 0.36755 0.01219
1285 0.33390 0.36908 0.01222
1286 0.33420 0.36942 0.01222
1287 0.33371 0.36890 0.01219
1288 0.33152 0.36650 0.01209
1289 0.32931 0.36407 0.01200
1290 0.32736 0.36194 0.01191
1291 0.32636 0.36084 0.01186
1292 0.32560 0.36002 0.01182
1293 0.32404 0.35831 0.01175
1294 0.32102 0.35499 0.01162
1295 0.31755 0.35117 0.01148
1296 0.31394 0.34720 0.01134
1297 0.31043 0.34333 0.01120
1298 0.30729 0.33987 0.01107
1299 0.30481 0.33714 0.01097
1300 0.30212 0.33418 0.01086
1301 0.29900 0.33074 0.01073
1302 0.29516 0.32651 0.01058
1303 0.29131 0.32227 0.01043
1304 0.28774 0.31833 0.01029
1305 0.28418 0.31440 0.01015
1306 0.28043 0.31027 0.01000
1307 0.27677 0.30624 0.00986
1308 0.27343 0.30256 0.00973
1309 0.26987 0.29863 0.00959
1310 0.26459 0.29280 0.00939
1311 0.25769 0.28518 0.00914
1312 0.25056 0.27729 0.00887
1313 0.24510 0.27127 0.00867
1314 0.24208 0.26794 0.00855
1315 0.23938 0.26496 0.00845
1316 0.23668 0.26198 0.00834
1317 0.23260 0.25747 0.00819
1318 0.22699 0.25127 0.00798
1319 0.22113 0.24480 0.00777
1320 0.21585 0.23897 0.00757
1321 0.21237 0.23512 0.00744
1322 0.21118 0.23382 0.00739
1323 0.21164 0.23434 0.00740
1324 0.21160 0.23431 0.00739
1325 0.20667 0.22886 0.00721
1326 0.19478 0.21570 0.00678
1327 0.17791 0.19702 0.00619
1328 0.15950 0.17665 0.00554
1329 0.14246 0.15778 0.00494
1330 0.13072 0.14478 0.00453
1331 0.12390 0.13723 0.00429
1332 0.12139 0.13446 0.00420
1333 0.12236 0.13555 0.00423
1334 0.12607 0.13966 0.00435
1335 0.13205 0.14629 0.00455
1336 0.13879 0.15376 0.00478
1337 0.14522 0.16090 0.00499
1338 0.15015 0.16636 0.00515
1339 0.15437 0.17104 0.00529
1340 0.15778 0.17483 0.00540
1341 0.15890 0.17608 0.00544
1342 0.15514 0.17192 0.00530
1343 0.14376 0.15931 0.00491
1344 0.12590 0.13953 0.00429
1345 0.10431 0.11560 0.00355
1346 0.08226 0.09118 0.00280
1347 0.06371 0.07062 0.00216
1348 0.04739 0.05253 0.00161
1349 0.03417 0.03787 0.00116
1350 0.02316 0.02567 0.00078
1351 0.01507 0.01670 0.00051
1352 0.00968 0.01073 0.00033
1353 0.00623 0.00691 0.00021
1354 0.00413 0.00458 0.00014
1355 0.00264 0.00293 0.00009
1356 0.00159 0.00176 0.00005
1357 0.00084 0.00093 0.00003
1358 0.00042 0.00046 0.00001
1359 0.00021 0.00023 0.00001
1360 0.00012 0.00013 0.00000
1361 0.00008 0.00009 0.00000
1362 0.00006 0.00007 0.00000
1363 0.00006 0.00007 0.00000
1364 0.00006 0.00007 0.00000
1365 0.00007 0.00008 0.00000
1366 0.00008 0.00009 0.00000
1367 0.00008 0.00009 0.00000
1368 0.00009 0.00010 0.00000
1369 0.00011 0.00013 0.00000
1370 0.00016 0.00018 0.00001
1371 0.00028 0.00031 0.00001
1372 0.00055 0.00061 0.00002
1373 0.00117 0.00129 0.00004
1374 0.00240 0.00266 0.00008
1375 0.00387 0.00429 0.00013
1376 0.00430 0.00477 0.00014
1377 0.00324 0.00360 0.00011
1378 0.00178 0.00198 0.00006
1379 0.00083 0.00093 0.00003
1380 0.00040 0.00044 0.00001
1381 0.00024 0.00026 0.00001
1382 0.00017 0.00019 0.00001
1383 0.00016 0.00018 0.00001
1384 0.00019 0.00021 0.00001
1385 0.00028 0.00031 0.00001
1386 0.00054 0.00060 0.00002
1387 0.00115 0.00127 0.00004
1388 0.00210 0.00234 0.00007
1389 0.00330 0.00366 0.00011
1390 0.00404 0.00449 0.00013
1391 0.00391 0.00434 0.00013
1392 0.00322 0.00357 0.00010
1393 0.00263 0.00292 0.00008
1394 0.00234 0.00260 0.00008
1395 0.00221 0.00245 0.00007
1396 0.00217 0.00241 0.00007
1397 0.00228 0.00253 0.00007
1398 0.00260 0.00289 0.00008
1399 0.00321 0.00357 0.00010
1400 0.00389 0.00432 0.00012
1401 0.00432 0.00480 0.00014
1402 0.00452 0.00502 0.00014
1403 0.00473 0.00525 0.00015
1404 0.00497 0.00553 0.00016
1405 0.00541 0.00600 0.00017
1406 0.00593 0.00658 0.00019
1407 0.00648 0.00720 0.00021
1408 0.00738 0.00820 0.00023
1409 0.00867 0.00963 0.00027
1410 0.01047 0.01163 0.00033
1411 0.01300 0.01444 0.00041
1412 0.01582 0.01757 0.00050
1413 0.01879 0.02088 0.00059
1414 0.02129 0.02366 0.00067
1415 0.02279 0.02533 0.00072
1416 0.02391 0.02658 0.00075
1417 0.02500 0.02778 0.00078
1418 0.02656 0.02952 0.00083
1419 0.02850 0.03168 0.00089
1420 0.03010 0.03345 0.00094
1421 0.03155 0.03507 0.00098
1422 0.03276 0.03642 0.00102
1423 0.03392 0.03770 0.00106
1424 0.03534 0.03929 0.00110
1425 0.03659 0.04068 0.00114
1426 0.03747 0.04166 0.00116
1427 0.03846 0.04276 0.00119
1428 0.03929 0.04369 0.00122
1429 0.03986 0.04432 0.00123
1430 0.04047 0.04499 0.00125
1431 0.04072 0.04527 0.00126
1432 0.04047 0.04500 0.00125
1433 0.04028 0.04479 0.00124
1434 0.03991 0.04438 0.00123
1435 0.03999 0.04447 0.00123
1436 0.04102 0.04562 0.00126
1437 0.04247 0.04724 0.00130
1438 0.04429 0.04926 0.00136
1439 0.04650 0.05172 0.00142
1440 0.04767 0.05302 0.00146
1441 0.04884 0.05432 0.00149
1442 0.04992 0.05552 0.00152
1443 0.05058 0.05627 0.00154
1444 0.05177 0.05759 0.00158
1445 0.05272 0.05865 0.00160
1446 0.05322 0.05920 0.00162
1447 0.05335 0.05935 0.00162
1448 0.05338 0.05939 0.00162
1449 0.05398 0.06006 0.00163
1450 0.05541 0.06166 0.00168
1451 0.05749 0.06397 0.00174
1452 0.06047 0.06728 0.00182
1453 0.06468 0.07197 0.00195
1454 0.07066 0.07863 0.00213
1455 0.07823 0.08706 0.00235
1456 0.08610 0.09582 0.00259
1457 0.09233 0.10276 0.00277
1458 0.09536 0.10613 0.00286
1459 0.09539 0.10616 0.00286
1460 0.09271 0.10318 0.00277
1461 0.08883 0.09887 0.00265
1462 0.08407 0.09358 0.00251
1463 0.07846 0.08733 0.00234
1464 0.07336 0.08166 0.00219
1465 0.06853 0.07629 0.00204
1466 0.06323 0.07039 0.00188
1467 0.05854 0.06517 0.00174
1468 0.05528 0.06155 0.00164
1469 0.05391 0.06002 0.00160
1470 0.05429 0.06045 0.00161
1471 0.05642 0.06282 0.00167
1472 0.05981 0.06659 0.00177
1473 0.06434 0.07165 0.00190
1474 0.07035 0.07834 0.00207
1475 0.07745 0.08624 0.00228
1476 0.08259 0.09198 0.00243
1477 0.08547 0.09519 0.00251
1478 0.08638 0.09620 0.00254
1479 0.08612 0.09591 0.00252
1480 0.08574 0.09550 0.00251
1481 0.08577 0.09553 0.00251
1482 0.08633 0.09616 0.00252
1483 0.08774 0.09773 0.00256
1484 0.09004 0.10030 0.00263
1485 0.09344 0.10408 0.00272
1486 0.09744 0.10854 0.00284
1487 0.10207 0.11370 0.00297
1488 0.10735 0.11959 0.00312
1489 0.11481 0.12790 0.00333
1490 0.12383 0.13796 0.00359
1491 0.13393 0.14921 0.00388
1492 0.14331 0.15967 0.00414
1493 0.15143 0.16873 0.00438
1494 0.15711 0.17505 0.00453
1495 0.16135 0.17979 0.00465
1496 0.16561 0.18454 0.00477
1497 0.17083 0.19036 0.00491
1498 0.17564 0.19573 0.00505
1499 0.17966 0.20022 0.00516
1500 0.18283 0.20375 0.00524
1501 0.18425 0.20535 0.00528
1502 0.18406 0.20514 0.00527
1503 0.18325 0.20424 0.00524
1504 0.18336 0.20437 0.00524
1505 0.18401 0.20510 0.00525
1506 0.18620 0.20754 0.00531
1507 0.19004 0.21183 0.00541
1508 0.19458 0.21690 0.00553
1509 0.19883 0.22165 0.00565
1510 0.20226 0.22548 0.00574
1511 0.20449 0.22797 0.00580
1512 0.20563 0.22924 0.00582
1513 0.20645 0.23017 0.00584
1514 0.20710 0.23090 0.00585
1515 0.20812 0.23204 0.00588
1516 0.20928 0.23335 0.00590
1517 0.21072 0.23495 0.00594
1518 0.21234 0.23677 0.00598
1519 0.21394 0.23857 0.00602
1520 0.21544 0.24025 0.00605
1521 0.21674 0.24170 0.00608
1522 0.21818 0.24332 0.00612
1523 0.21959 0.24489 0.00615
1524 0.22074 0.24618 0.00618
1525 0.22157 0.24711 0.00619
1526 0.22205 0.24766 0.00620
1527 0.22222 0.24785 0.00620
1528 0.22230 0.24795 0.00619
1529 0.22253 0.24821 0.00619
1530 0.22276 0.24847 0.00619
1531 0.22381 0.24965 0.00622
1532 0.22483 0.25080 0.00624
1533 0.22579 0.25188 0.00626
1534 0.22647 0.25265 0.00627
1535 0.22737 0.25365 0.00629
1536 0.22747 0.25378 0.00629
1537 0.22729 0.25358 0.00628
1538 0.22687 0.25312 0.00626
1539 0.22671 0.25295 0.00625
1540 0.22640 0.25261 0.00623
1541 0.22661 0.25285 0.00623
1542 0.22716 0.25348 0.00624
1543 0.22778 0.25417 0.00625
1544 0.22800 0.25442 0.00625
1545 0.22808 0.25453 0.00625
1546 0.22763 0.25403 0.00623
1547 0.22684 0.25315 0.00620
1548 0.22611 0.25234 0.00617
1549 0.22589 0.25210 0.00616
1550 0.22546 0.25164 0.00614
1551 0.22511 0.25125 0.00613
1552 0.22471 0.25081 0.00611
1553 0.22416 0.25020 0.00609
1554 0.22319 0.24913 0.00606
1555 0.22273 0.24863 0.00604
1556 0.22232 0.24816 0.00602
1557 0.22240 0.24827 0.00602
1558 0.22259 0.24848 0.00602
1559 0.22282 0.24875 0.00602
1560 0.22264 0.24855 0.00601
1561 0.22262 0.24854 0.00600
1562 0.22204 0.24790 0.00598
1563 0.22125 0.24702 0.00595
1564 0.22035 0.24603 0.00592
1565 0.21973 0.24534 0.00590
1566 0.21876 0.24426 0.00587
1567 0.21827 0.24372 0.00585
1568 0.21811 0.24356 0.00584
1569 0.21822 0.24368 0.00583
1570 0.21820 0.24366 0.00583
1571 0.21791 0.24335 0.00582
1572 0.21727 0.24264 0.00579
1573 0.21550 0.24067 0.00574
1574 0.21351 0.23845 0.00568
1575 0.21144 0.23615 0.00562
1576 0.21055 0.23517 0.00559
1577 0.20984 0.23438 0.00557
1578 0.21075 0.23540 0.00559
1579 0.21174 0.23650 0.00561
1580 0.21267 0.23756 0.00563
1581 0.21287 0.23778 0.00562
1582 0.21289 0.23781 0.00562
1583 0.21227 0.23713 0.00560
1584 0.21150 0.23627 0.00557
1585 0.21006 0.23467 0.00553
1586 0.20825 0.23265 0.00548
1587 0.20605 0.23020 0.00541
1588 0.20384 0.22774 0.00535
1589 0.20214 0.22584 0.00530
1590 0.20218 0.22590 0.00530
1591 0.20311 0.22694 0.00531
1592 0.20467 0.22869 0.00535
1593 0.20628 0.23049 0.00539
1594 0.20763 0.23201 0.00542
1595 0.20791 0.23232 0.00542
1596 0.20771 0.23211 0.00541
1597 0.20760 0.23199 0.00540
1598 0.20750 0.23189 0.00539
1599 0.20717 0.23152 0.00538
1600 0.20715 0.23151 0.00537
1601 0.20701 0.23136 0.00536
1602 0.20682 0.23115 0.00535
1603 0.20654 0.23085 0.00534
1604 0.20657 0.23089 0.00534
1605 0.20640 0.23070 0.00533
1606 0.20593 0.23018 0.00531
1607 0.20516 0.22933 0.00529
1608 0.20427 0.22833 0.00526
1609 0.20315 0.22709 0.00522
1610 0.20188 0.22567 0.00519
1611 0.20155 0.22531 0.00517
1612 0.20112 0.22484 0.00516
1613 0.20077 0.22445 0.00514
1614 0.20056 0.22422 0.00513
1615 0.20061 0.22429 0.00513
1616 0.19988 0.22347 0.00510
1617 0.19956 0.22312 0.00509
1618 0.19946 0.22302 0.00508
1619 0.19938 0.22293 0.00508
1620 0.19934 0.22289 0.00507
1621 0.19971 0.22331 0.00508
1622 0.20025 0.22392 0.00509
1623 0.20081 0.22456 0.00509
1624 0.20141 0.22523 0.00510
1625 0.20187 0.22575 0.00511
1626 0.20219 0.22612 0.00511
1627 0.20199 0.22589 0.00510
1628 0.20162 0.22549 0.00509
1629 0.20108 0.22489 0.00507
1630 0.20027 0.22399 0.00505
1631 0.19956 0.22320 0.00502
1632 0.19879 0.22235 0.00500
1633 0.19765 0.22107 0.00497
1634 0.19632 0.21959 0.00493
1635 0.19506 0.21819 0.00489
1636 0.19333 0.21626 0.00484
1637 0.19129 0.21398 0.00479
1638 0.18956 0.21205 0.00474
1639 0.18834 0.21069 0.00471
1640 0.18746 0.20972 0.00468
1641 0.18702 0.20923 0.00466
1642 0.18714 0.20937 0.00466
1643 0.18766 0.20995 0.00467
1644 0.18807 0.21041 0.00468
1645 0.18840 0.21079 0.00468
1646 0.18882 0.21127 0.00469
1647 0.18895 0.21141 0.00469
1648 0.18873 0.21117 0.00468
1649 0.18837 0.21078 0.00466
1650 0.18817 0.21056 0.00465
1651 0.18772 0.21006 0.00464
1652 0.18754 0.20986 0.00463
1653 0.18737 0.20968 0.00462
1654 0.18738 0.20969 0.00462
1655 0.18709 0.20937 0.00460
1656 0.18703 0.20931 0.00460
1657 0.18680 0.20906 0.00459
1658 0.18665 0.20890 0.00458
1659 0.18640 0.20862 0.00457
1660 0.18634 0.20856 0.00457
1661 0.18606 0.20825 0.00455
1662 0.18562 0.20776 0.00454
1663 0.18509 0.20717 0.00452
1664 0.18446 0.20648 0.00450
1665 0.18369 0.20562 0.00448
1666 0.18313 0.20499 0.00446
1667 0.18284 0.20467 0.00445
1668 0.18232 0.20409 0.00443
1669 0.18186 0.20359 0.00442
1670 0.18149 0.20318 0.00441
1671 0.18084 0.20245 0.00439
1672 0.17980 0.20129 0.00436
1673 0.17921 0.20064 0.00434
1674 0.17864 0.20001 0.00432
1675 0.17792 0.19921 0.00430
1676 0.17711 0.19830 0.00428
1677 0.17610 0.19718 0.00425
1678 0.17464 0.19555 0.00421
1679 0.17304 0.19376 0.00417
1680 0.17165 0.19220 0.00413
1681 0.17087 0.19134 0.00411
1682 0.17098 0.19146 0.00410
1683 0.17166 0.19223 0.00412
1684 0.17263 0.19332 0.00414
1685 0.17345 0.19425 0.00415
1686 0.17380 0.19464 0.00416
1687 0.17382 0.19467 0.00415
1688 0.17359 0.19441 0.00414
1689 0.17326 0.19404 0.00413
1690 0.17314 0.19391 0.00413
1691 0.17318 0.19397 0.00412
1692 0.17313 0.19391 0.00412
1693 0.17293 0.19370 0.00411
1694 0.17273 0.19348 0.00410
1695 0.17236 0.19306 0.00409
1696 0.17181 0.19245 0.00407
1697 0.17119 0.19177 0.00405
1698 0.17060 0.19110 0.00404
1699 0.16970 0.19010 0.00401
1700 0.16875 0.18904 0.00398
1701 0.16789 0.18808 0.00396
1702 0.16708 0.18718 0.00394
1703 0.16629 0.18630 0.00392
1704 0.16574 0.18569 0.00390
1705 0.16522 0.18511 0.00388
1706 0.16467 0.18450 0.00387
1707 0.16362 0.18333 0.00384
1708 0.16256 0.18214 0.00381
1709 0.16176 0.18124 0.00379
1710 0.16113 0.18054 0.00377
1711 0.16061 0.17997 0.00376
1712 0.16114 0.18057 0.00376
1713 0.16171 0.18121 0.00377
1714 0.16201 0.18154 0.00378
1715 0.16211 0.18167 0.00378
1716 0.16185 0.18137 0.00377
1717 0.16081 0.18021 0.00374
1718 0.15967 0.17894 0.00371
1719 0.15823 0.17733 0.00367
1720 0.15665 0.17557 0.00363
1721 0.15531 0.17406 0.00360
1722 0.15432 0.17296 0.00357
1723 0.15327 0.17178 0.00354
1724 0.15252 0.17095 0.00352
1725 0.15220 0.17060 0.00351
1726 0.15197 0.17034 0.00351
1727 0.15162 0.16995 0.00349
1728 0.15130 0.16959 0.00348
1729 0.15063 0.16885 0.00347
1730 0.14960 0.16770 0.00344
1731 0.14797 0.16587 0.00340
1732 0.14586 0.16351 0.00335
1733 0.14326 0.16061 0.00328
1734 0.14112 0.15820 0.00323
1735 0.13939 0.15627 0.00319
1736 0.13794 0.15465 0.00315
1737 0.13729 0.15392 0.00314
1738 0.13761 0.15428 0.00314
1739 0.13790 0.15461 0.00314
1740 0.13820 0.15495 0.00315
1741 0.13834 0.15512 0.00315
1742 0.13838 0.15516 0.00315
1743 0.13789 0.15461 0.00313
1744 0.13741 0.15407 0.00312
1745 0.13680 0.15339 0.00310
1746 0.13640 0.15296 0.00309
1747 0.13587 0.15236 0.00308
1748 0.13569 0.15216 0.00307
1749 0.13540 0.15184 0.00306
1750 0.13521 0.15163 0.00305
1751 0.13484 0.15122 0.00304
1752 0.13474 0.15111 0.00304
1753 0.13460 0.15096 0.00303
1754 0.13450 0.15085 0.00303
1755 0.13420 0.15052 0.00302
1756 0.13387 0.15014 0.00301
1757 0.13311 0.14930 0.00299
1758 0.13196 0.14801 0.00296
1759 0.13068 0.14658 0.00293
1760 0.12890 0.14459 0.00289
1761 0.12715 0.14262 0.00284
1762 0.12555 0.14083 0.00281
1763 0.12446 0.13961 0.00278
1764 0.12340 0.13843 0.00275
1765 0.12242 0.13732 0.00273
1766 0.12141 0.13620 0.00270
1767 0.12036 0.13502 0.00268
1768 0.11910 0.13361 0.00265
1769 0.11762 0.13196 0.00261
1770 0.11596 0.13009 0.00257
1771 0.11423 0.12816 0.00253
1772 0.11243 0.12614 0.00249
1773 0.11048 0.12396 0.00245
1774 0.10799 0.12116 0.00239
1775 0.10545 0.11831 0.00233
1776 0.10290 0.11545 0.00227
1777 0.10039 0.11265 0.00221
1778 0.09806 0.11003 0.00216
1779 0.09591 0.10762 0.00211
1780 0.09419 0.10569 0.00207
1781 0.09271 0.10403 0.00204
1782 0.09166 0.10286 0.00201
1783 0.09080 0.10189 0.00199
1784 0.09010 0.10111 0.00198
1785 0.08924 0.10014 0.00195
1786 0.08822 0.09901 0.00193
1787 0.08681 0.09742 0.00190
1788 0.08477 0.09514 0.00185
1789 0.08248 0.09256 0.00180
1790 0.07964 0.08938 0.00174
1791 0.07653 0.08590 0.00167
1792 0.07321 0.08217 0.00159
1793 0.06925 0.07773 0.00151
1794 0.06515 0.07312 0.00142
1795 0.06050 0.06791 0.00131
1796 0.05548 0.06228 0.00120
1797 0.05073 0.05695 0.00110
1798 0.04645 0.05214 0.00101
1799 0.04277 0.04801 0.00093
1800 0.03956 0.04441 0.00086
1801 0.03663 0.04112 0.00079
1802 0.03406 0.03824 0.00074
1803 0.03179 0.03569 0.00069
1804 0.02956 0.03319 0.00064
1805 0.02743 0.03079 0.00059
1806 0.02514 0.02823 0.00054
1807 0.02311 0.02594 0.00050
1808 0.02135 0.02397 0.00046
1809 0.01958 0.02198 0.00042
1810 0.01790 0.02010 0.00038
1811 0.01598 0.01795 0.00034
1812 0.01424 0.01599 0.00030
1813 0.01263 0.01418 0.00027
1814 0.01103 0.01238 0.00024
1815 0.00961 0.01079 0.00021
1816 0.00838 0.00940 0.00018
1817 0.00744 0.00835 0.00016
1818 0.00675 0.00758 0.00014
1819 0.00615 0.00691 0.00013
1820 0.00560 0.00629 0.00012
1821 0.00496 0.00556 0.00011
1822 0.00432 0.00486 0.00009
1823 0.00372 0.00418 0.00008
1824 0.00301 0.00338 0.00006
1825 0.00238 0.00268 0.00005
1826 0.00181 0.00203 0.00004
1827 0.00136 0.00153 0.00003
1828 0.00102 0.00115 0.00002
1829 0.00071 0.00079 0.00001
1830 0.00048 0.00054 0.00001
1831 0.00030 0.00034 0.00001
1832 0.00019 0.00022 0.00000
1833 0.00012 0.00014 0.00000
1834 0.00009 0.00010 0.00000
1835 0.00006 0.00007 0.00000
1836 0.00005 0.00006 0.00000
1837 0.00004 0.00005 0.00000
1838 0.00004 0.00004 0.00000
1839 0.00004 0.00004 0.00000
1840 0.00004 0.00004 0.00000
1841 0.00004 0.00004 0.00000
1842 0.00004 0.00005 0.00000
1843 0.00004 0.00005 0.00000
1844 0.00005 0.00006 0.00000
1845 0.00006 0.00007 0.00000
1846 0.00006 0.00007 0.00000
1847 0.00007 0.00008 0.00000
1848 0.00007 0.00008 0.00000
1849 0.00007 0.00008 0.00000
1850 0.00007 0.00007 0.00000
1851 0.00006 0.00007 0.00000
1852 0.00006 0.00006 0.00000
1853 0.00006 0.00006 0.00000
1854 0.00006 0.00007 0.00000
1855 0.00007 0.00007 0.00000
1856 0.00008 0.00009 0.00000
1857 0.00009 0.00010 0.00000
1858 0.00011 0.00012 0.00000
1859 0.00013 0.00015 0.00000
1860 0.00016 0.00018 0.00000
1861 0.00018 0.00020 0.00000
1862 0.00020 0.00023 0.00000
1863 0.00019 0.00021 0.00000
1864 0.00016 0.00018 0.00000
1865 0.00011 0.00012 0.00000
1866 0.00007 0.00008 0.00000
1867 0.00004 0.00004 0.00000
1868 0.00002 0.00003 0.00000
1869 0.00002 0.00002 0.00000
1870 0.00001 0.00001 0.00000
1871 0.00001 0.00001 0.00000
1872 0.00001 0.00001 0.00000
1873 0.00001 0.00001 0.00000
1874 0.00001 0.00001 0.00000
1875 0.00001 0.00001 0.00000
1876 0.00001 0.00002 0.00000
1877 0.00002 0.00003 0.00000
1878 0.00004 0.00004 0.00000
1879 0.00008 0.00009 0.00000
1880 0.00016 0.00018 0.00000
1881 0.00029 0.00033 0.00001
1882 0.00049 0.00055 0.00001
1883 0.00073 0.00082 0.00001
1884 0.00091 0.00102 0.00002
1885 0.00108 0.00121 0.00002
1886 0.00112 0.00126 0.00002
1887 0.00116 0.00130 0.00002
1888 0.00114 0.00128 0.00002
1889 0.00109 0.00123 0.00002
1890 0.00102 0.00115 0.00002
1891 0.00092 0.00103 0.00002
1892 0.00082 0.00092 0.00002
1893 0.00067 0.00075 0.00001
1894 0.00055 0.00062 0.00001
1895 0.00042 0.00047 0.00001
1896 0.00032 0.00036 0.00001
1897 0.00024 0.00028 0.00000
1898 0.00020 0.00022 0.00000
1899 0.00016 0.00018 0.00000
1900 0.00014 0.00016 0.00000
1901 0.00013 0.00014 0.00000
1902 0.00012 0.00014 0.00000
1903 0.00011 0.00013 0.00000
1904 0.00011 0.00013 0.00000
1905 0.00011 0.00013 0.00000
1906 0.00012 0.00013 0.00000
1907 0.00013 0.00015 0.00000
1908 0.00015 0.00017 0.00000
1909 0.00019 0.00021 0.00000
1910 0.00024 0.00026 0.00000
1911 0.00029 0.00033 0.00001
1912 0.00037 0.00042 0.00001
1913 0.00045 0.00051 0.00001
1914 0.00055 0.00062 0.00001
1915 0.00065 0.00073 0.00001
1916 0.00078 0.00087 0.00002
1917 0.00094 0.00105 0.00002
1918 0.00113 0.00128 0.00002
1919 0.00137 0.00155 0.00003
1920 0.00165 0.00185 0.00003
1921 0.00197 0.00222 0.00004
1922 0.00232 0.00261 0.00005
1923 0.00271 0.00305 0.00005
1924 0.00303 0.00340 0.00006
1925 0.00336 0.00378 0.00007
1926 0.00366 0.00412 0.00007
1927 0.00399 0.00448 0.00008
1928 0.00430 0.00484 0.00008
1929 0.00461 0.00519 0.00009
1930 0.00493 0.00555 0.00010
1931 0.00529 0.00595 0.00010
1932 0.00570 0.00642 0.00011
1933 0.00617 0.00695 0.00012
1934 0.00672 0.00756 0.00013
1935 0.00734 0.00825 0.00014
1936 0.00805 0.00906 0.00016
1937 0.00881 0.00991 0.00017
1938 0.00964 0.01085 0.00019
1939 0.01043 0.01173 0.00020
1940 0.01128 0.01269 0.00022
1941 0.01211 0.01363 0.00023
1942 0.01297 0.01459 0.00025
1943 0.01386 0.01559 0.00027
1944 0.01488 0.01674 0.00029
1945 0.01614 0.01816 0.00031
1946 0.01769 0.01990 0.00034
1947 0.01949 0.02193 0.00037
1948 0.02135 0.02403 0.00041
1949 0.02331 0.02623 0.00045
1950 0.02512 0.02827 0.00048
1951 0.02689 0.03027 0.00051
1952 0.02847 0.03204 0.00054
1953 0.03004 0.03381 0.00057
1954 0.03145 0.03539 0.00060
1955 0.03289 0.03701 0.00063
1956 0.03419 0.03848 0.00065
1957 0.03550 0.03995 0.00068
1958 0.03676 0.04137 0.00070
1959 0.03804 0.04282 0.00072
1960 0.03942 0.04437 0.00075
1961 0.04091 0.04605 0.00078
1962 0.04250 0.04783 0.00081
1963 0.04432 0.04989 0.00084
1964 0.04658 0.05243 0.00088
1965 0.04918 0.05536 0.00093
1966 0.05208 0.05863 0.00098
1967 0.05516 0.06210 0.00104
1968 0.05812 0.06543 0.00110
1969 0.06076 0.06839 0.00114
1970 0.06304 0.07097 0.00119
1971 0.06479 0.07294 0.00122
1972 0.06601 0.07431 0.00124
1973 0.06681 0.07521 0.00125
1974 0.06743 0.07591 0.00127
1975 0.06799 0.07655 0.00128
1976 0.06845 0.07706 0.00128
1977 0.06875 0.07740 0.00129
1978 0.06902 0.07771 0.00129
1979 0.06949 0.07824 0.00130
1980 0.06986 0.07866 0.00131
1981 0.07043 0.07930 0.00131
1982 0.07106 0.08001 0.00133
1983 0.07160 0.08062 0.00133
1984 0.07202 0.08109 0.00134
1985 0.07250 0.08163 0.00135
1986 0.07296 0.08216 0.00136
1987 0.07352 0.08278 0.00137
1988 0.07418 0.08353 0.00138
1989 0.07513 0.08460 0.00139
1990 0.07604 0.08563 0.00141
1991 0.07691 0.08660 0.00142
1992 0.07775 0.08755 0.00144
1993 0.07852 0.08843 0.00145
1994 0.07948 0.08950 0.00147
1995 0.08055 0.09072 0.00149
1996 0.08172 0.09203 0.00151
1997 0.08298 0.09345 0.00153
1998 0.08447 0.09513 0.00156
1999 0.08601 0.09687 0.00158
2000 0.08767 0.09873 0.00161
2001 0.08939 0.10068 0.00164
2002 0.09151 0.10306 0.00168
2003 0.09140 0.10295 0.00168
2004 0.09137 0.10291 0.00168
2005 0.09146 0.10301 0.00168
2006 0.09155 0.10312 0.00168
2007 0.09181 0.10341 0.00168
2008 0.09207 0.10370 0.00168
2009 0.09220 0.10385 0.00168
2010 0.09223 0.10389 0.00168
2011 0.09224 0.10390 0.00168
2012 0.09215 0.10380 0.00168
2013 0.09194 0.10357 0.00167
2014 0.09174 0.10334 0.00167
2015 0.09153 0.10310 0.00166
2016 0.09128 0.10283 0.00166
2017 0.09082 0.10231 0.00165
2018 0.09038 0.10182 0.00164
2019 0.08991 0.10129 0.00163
2020 0.08942 0.10073 0.00162
2021 0.08900 0.10027 0.00161
2022 0.08891 0.10017 0.00161
2023 0.08886 0.10011 0.00161
2024 0.08885 0.10010 0.00161
2025 0.08880 0.10005 0.00160
2026 0.08871 0.09995 0.00160
2027 0.08839 0.09959 0.00159
2028 0.08808 0.09924 0.00159
2029 0.08778 0.09890 0.00158
2030 0.08761 0.09871 0.00158
2031 0.08749 0.09858 0.00157
2032 0.08754 0.09864 0.00157
2033 0.08760 0.09870 0.00157
2034 0.08746 0.09855 0.00157
2035 0.08720 0.09825 0.00156
2036 0.08703 0.09806 0.00156
2037 0.08682 0.09783 0.00155
2038 0.08653 0.09751 0.00155
2039 0.08656 0.09754 0.00155
2040 0.08666 0.09765 0.00155
2041 0.08662 0.09761 0.00155
2042 0.08659 0.09757 0.00154
2043 0.08659 0.09758 0.00154
2044 0.08650 0.09748 0.00154
2045 0.08642 0.09739 0.00154
2046 0.08638 0.09735 0.00154
2047 0.08633 0.09729 0.00153
2048 0.08633 0.09729 0.00153
2049 0.08630 0.09726 0.00153
2050 0.08621 0.09716 0.00153
2051 0.08614 0.09708 0.00153
2052 0.08613 0.09707 0.00152
2053 0.08617 0.09712 0.00152
2054 0.08626 0.09722 0.00152
2055 0.08645 0.09744 0.00153
2056 0.08663 0.09765 0.00153
2057 0.08667 0.09769 0.00153
2058 0.08665 0.09767 0.00153
2059 0.08659 0.09760 0.00152
2060 0.08507 0.09589 0.00150
2061 0.08198 0.09240 0.00144
2062 0.07995 0.09012 0.00140
2063 0.07838 0.08836 0.00138
2064 0.07694 0.08673 0.00135
2065 0.07600 0.08567 0.00133
2066 0.07507 0.08462 0.00131
2067 0.07409 0.08352 0.00130
2068 0.07314 0.08245 0.00128
2069 0.07236 0.08157 0.00126
2070 0.07145 0.08055 0.00125
2071 0.07087 0.07989 0.00124
2072 0.07037 0.07933 0.00123
2073 0.07001 0.07893 0.00122
2074 0.06971 0.07859 0.00121
2075 0.06960 0.07847 0.00121
2076 0.06988 0.07879 0.00121
2077 0.07014 0.07908 0.00122
2078 0.07033 0.07929 0.00122
2079 0.07047 0.07945 0.00122
2080 0.07060 0.07959 0.00122
2081 0.07076 0.07978 0.00123
2082 0.07092 0.07996 0.00123
2083 0.07107 0.08014 0.00123
2084 0.07126 0.08035 0.00123
2085 0.07145 0.08056 0.00123
2086 0.07162 0.08076 0.00124
2087 0.07174 0.08089 0.00124
2088 0.07172 0.08087 0.00124
2089 0.07158 0.08071 0.00123
2090 0.07139 0.08050 0.00123
2091 0.07106 0.08013 0.00122
2092 0.07075 0.07978 0.00122
2093 0.07070 0.07973 0.00121
2094 0.07071 0.07973 0.00121
2095 0.07078 0.07981 0.00121
2096 0.07106 0.08014 0.00122
2097 0.07143 0.08055 0.00122
2098 0.07179 0.08096 0.00123
2099 0.07218 0.08140 0.00123
2100 0.07268 0.08197 0.00124
2101 0.07311 0.08245 0.00125
2102 0.07351 0.08290 0.00125
2103 0.07391 0.08335 0.00126
2104 0.07424 0.08373 0.00126
2105 0.07455 0.08408 0.00127
2106 0.07469 0.08424 0.00127
2107 0.07478 0.08434 0.00127
2108 0.07481 0.08438 0.00127
2109 0.07476 0.08432 0.00127
2110 0.07473 0.08428 0.00127
2111 0.07485 0.08442 0.00127
2112 0.07497 0.08456 0.00127
2113 0.07498 0.08458 0.00127
2114 0.07501 0.08461 0.00127
2115 0.07501 0.08461 0.00127
2116 0.07488 0.08446 0.00126
2117 0.07473 0.08430 0.00126
2118 0.07470 0.08427 0.00126
2119 0.07464 0.08420 0.00126
2120 0.07446 0.08399 0.00125
2121 0.07439 0.08391 0.00125
2122 0.07429 0.08380 0.00125
2123 0.07412 0.08362 0.00125
2124 0.07393 0.08340 0.00124
2125 0.07389 0.08335 0.00124
2126 0.07375 0.08319 0.00124
2127 0.07358 0.08301 0.00123
2128 0.07349 0.08291 0.00123
2129 0.07336 0.08277 0.00123
2130 0.07316 0.08254 0.00122
2131 0.07295 0.08231 0.00122
2132 0.07264 0.08195 0.00121
2133 0.07228 0.08154 0.00121
2134 0.07192 0.08114 0.00120
2135 0.07158 0.08076 0.00119
2136 0.07125 0.08038 0.00119
2137 0.07117 0.08030 0.00118
2138 0.07126 0.08040 0.00118
2139 0.07133 0.08048 0.00118
2140 0.07144 0.08061 0.00119
2141 0.07153 0.08071 0.00119
2142 0.07146 0.08064 0.00118
2143 0.07138 0.08055 0.00118
2144 0.07131 0.08046 0.00118
2145 0.07120 0.08034 0.00118
2146 0.07112 0.08025 0.00118
2147 0.07113 0.08026 0.00117
2148 0.07114 0.08028 0.00117
2149 0.07112 0.08025 0.00117
2150 0.07109 0.08022 0.00117
2151 0.07104 0.08016 0.00117
2152 0.07094 0.08005 0.00117
2153 0.07080 0.07990 0.00116
2154 0.07054 0.07961 0.00116
2155 0.07030 0.07933 0.00115
2156 0.07010 0.07911 0.00115
2157 0.06989 0.07888 0.00115
2158 0.06969 0.07864 0.00114
2159 0.06946 0.07839 0.00114
2160 0.06918 0.07807 0.00113
2161 0.06882 0.07767 0.00113
2162 0.06807 0.07683 0.00111
2163 0.06721 0.07585 0.00110
2164 0.06632 0.07485 0.00108
2165 0.06551 0.07393 0.00107
2166 0.06495 0.07330 0.00106
2167 0.06521 0.07360 0.00106
2168 0.06578 0.07424 0.00107
2169 0.06654 0.07510 0.00108
2170 0.06727 0.07593 0.00109
2171 0.06792 0.07666 0.00110
2172 0.06813 0.07690 0.00111
2173 0.06812 0.07689 0.00110
2174 0.06798 0.07674 0.00110
2175 0.06768 0.07639 0.00110
2176 0.06734 0.07602 0.00109
2177 0.06704 0.07568 0.00108
2178 0.06678 0.07538 0.00108
2179 0.06647 0.07503 0.00107
2180 0.06636 0.07491 0.00107
2181 0.06623 0.07477 0.00107
2182 0.06613 0.07465 0.00107
2183 0.06601 0.07451 0.00106
2184 0.06598 0.07448 0.00106
2185 0.06580 0.07428 0.00106
2186 0.06559 0.07404 0.00105
2187 0.06538 0.07381 0.00105
2188 0.06516 0.07357 0.00105
2189 0.06502 0.07341 0.00104
2190 0.06503 0.07341 0.00104
2191 0.06512 0.07352 0.00104
2192 0.06524 0.07366 0.00104
2193 0.06536 0.07379 0.00104
2194 0.06544 0.07388 0.00105
2195 0.06544 0.07388 0.00104
2196 0.06542 0.07386 0.00104
2197 0.06539 0.07383 0.00104
2198 0.06538 0.07382 0.00104
2199 0.06536 0.07379 0.00104
2200 0.06534 0.07377 0.00104
2201 0.06532 0.07375 0.00104
2202 0.06522 0.07365 0.00104
2203 0.06502 0.07342 0.00103
2204 0.06481 0.07318 0.00103
2205 0.06452 0.07286 0.00102
2206 0.06425 0.07255 0.00102
2207 0.06418 0.07247 0.00102
2208 0.06434 0.07266 0.00102
2209 0.06457 0.07291 0.00102
2210 0.06495 0.07334 0.00103
2211 0.06531 0.07375 0.00103
2212 0.06555 0.07403 0.00103
2213 0.06562 0.07410 0.00103
2214 0.06564 0.07413 0.00103
2215 0.06559 0.07407 0.00103
2216 0.06553 0.07400 0.00103
2217 0.06550 0.07396 0.00103
2218 0.06555 0.07403 0.00103
2219 0.06562 0.07411 0.00103
2220 0.06567 0.07417 0.00103
2221 0.06571 0.07421 0.00103
2222 0.06569 0.07419 0.00103
2223 0.06559 0.07407 0.00103
2224 0.06545 0.07392 0.00102
2225 0.06533 0.07378 0.00102
2226 0.06519 0.07363 0.00102
2227 0.06515 0.07359 0.00102
2228 0.06518 0.07361 0.00102
2229 0.06525 0.07370 0.00102
2230 0.06532 0.07378 0.00102
2231 0.06541 0.07388 0.00102
2232 0.06546 0.07394 0.00102
2233 0.06545 0.07393 0.00102
2234 0.06539 0.07386 0.00102
2235 0.06526 0.07371 0.00101
2236 0.06506 0.07349 0.00101
2237 0.06487 0.07327 0.00101
2238 0.06466 0.07304 0.00100
2239 0.06446 0.07281 0.00100
2240 0.06438 0.07273 0.00100
2241 0.06436 0.07270 0.00100
2242 0.06433 0.07267 0.00099
2243 0.06430 0.07263 0.00099
2244 0.06425 0.07258 0.00099
2245 0.06416 0.07248 0.00099
2246 0.06403 0.07234 0.00099
2247 0.06390 0.07219 0.00098
2248 0.06376 0.07203 0.00098
2249 0.06370 0.07196 0.00098
2250 0.06355 0.07179 0.00098
2251 0.06340 0.07163 0.00097
2252 0.06326 0.07147 0.00097
2253 0.06310 0.07128 0.00097
2254 0.06290 0.07106 0.00096
2255 0.06286 0.07101 0.00096
2256 0.06280 0.07095 0.00096
2257 0.06277 0.07092 0.00096
2258 0.06276 0.07091 0.00096
2259 0.06265 0.07079 0.00096
2260 0.06247 0.07058 0.00095
2261 0.06228 0.07036 0.00095
2262 0.06206 0.07012 0.00095
2263 0.06184 0.06987 0.00094
2264 0.06180 0.06982 0.00094
2265 0.06175 0.06977 0.00094
2266 0.06171 0.06973 0.00094
2267 0.06170 0.06972 0.00094
2268 0.06170 0.06972 0.00094
2269 0.06162 0.06963 0.00094
2270 0.06155 0.06954 0.00093
2271 0.06145 0.06944 0.00093
2272 0.06138 0.06936 0.00093
2273 0.06130 0.06927 0.00093
2274 0.06121 0.06917 0.00093
2275 0.06112 0.06907 0.00092
2276 0.06107 0.06901 0.00092
2277 0.06088 0.06880 0.00092
2278 0.06065 0.06854 0.00092
2279 0.06036 0.06821 0.00091
2280 0.06006 0.06787 0.00091
2281 0.05969 0.06745 0.00090
2282 0.05952 0.06727 0.00090
2283 0.05943 0.06716 0.00089
2284 0.05936 0.06709 0.00089
2285 0.05934 0.06706 0.00089
2286 0.05935 0.06707 0.00089
2287 0.05925 0.06697 0.00089
2288 0.05913 0.06683 0.00089
2289 0.05901 0.06670 0.00088
2290 0.05879 0.06644 0.00088
2291 0.05850 0.06611 0.00088
2292 0.05820 0.06577 0.00087
2293 0.05782 0.06534 0.00086
2294 0.05740 0.06488 0.00086
2295 0.05718 0.06463 0.00085
2296 0.05702 0.06445 0.00085
2297 0.05692 0.06434 0.00085
2298 0.05697 0.06440 0.00085
2299 0.05707 0.06451 0.00085
2300 0.05709 0.06453 0.00085
2301 0.05711 0.06455 0.00085
2302 0.05710 0.06455 0.00085
2303 0.05703 0.06446 0.00085
2304 0.05694 0.06436 0.00084
2305 0.05682 0.06422 0.00084
2306 0.05668 0.06407 0.00084
2307 0.05654 0.06391 0.00084
2308 0.05636 0.06370 0.00083
2309 0.05619 0.06351 0.00083
2310 0.05606 0.06337 0.00083
2311 0.05594 0.06324 0.00083
2312 0.05581 0.06309 0.00082
2313 0.05567 0.06294 0.00082
2314 0.05550 0.06274 0.00082
2315 0.05529 0.06250 0.00081
2316 0.05513 0.06232 0.00081
2317 0.05497 0.06214 0.00081
2318 0.05737 0.06485 0.00084
2319 0.05721 0.06467 0.00084
2320 0.05704 0.06448 0.00084
2321 0.05679 0.06420 0.00083
2322 0.05646 0.06383 0.00083
2323 0.05606 0.06338 0.00082
2324 0.05588 0.06318 0.00082
2325 0.05578 0.06306 0.00082
2326 0.05573 0.06301 0.00081
2327 0.05582 0.06311 0.00082
2328 0.05596 0.06327 0.00082
2329 0.05600 0.06332 0.00082
2330 0.05601 0.06332 0.00082
2331 0.05597 0.06329 0.00082
2332 0.05589 0.06320 0.00081
2333 0.05580 0.06309 0.00081
2334 0.05571 0.06299 0.00081
2335 0.05555 0.06281 0.00081
2336 0.05545 0.06270 0.00081
2337 0.05537 0.06261 0.00080
2338 0.05530 0.06253 0.00080
2339 0.05524 0.06246 0.00080
2340 0.05531 0.06254 0.00080
2341 0.05533 0.06257 0.00080
2342 0.05534 0.06257 0.00080
2343 0.05532 0.06255 0.00080
2344 0.05528 0.06250 0.00080
2345 0.05518 0.06240 0.00080
2346 0.05509 0.06230 0.00080
2347 0.05499 0.06219 0.00079
2348 0.05488 0.06206 0.00079
2349 0.05467 0.06182 0.00079
2350 0.05437 0.06148 0.00078
2351 0.05403 0.06110 0.00078
2352 0.05368 0.06070 0.00077
2353 0.05333 0.06031 0.00077
2354 0.05316 0.06012 0.00076
2355 0.05312 0.06007 0.00076
2356 0.05312 0.06008 0.00076
2357 0.05318 0.06014 0.00076
2358 0.05328 0.06026 0.00076
2359 0.05335 0.06033 0.00076
2360 0.05337 0.06036 0.00076
2361 0.05337 0.06036 0.00076
2362 0.05338 0.06037 0.00076
2363 0.05337 0.06036 0.00076
2364 0.05334 0.06032 0.00076
2365 0.05328 0.06026 0.00076
2366 0.05320 0.06017 0.00076
2367 0.05309 0.06005 0.00076
2368 0.05296 0.05990 0.00075
2369 0.05282 0.05974 0.00075
2370 0.05260 0.05950 0.00075
2371 0.05242 0.05929 0.00074
2372 0.05225 0.05909 0.00074
2373 0.05209 0.05892 0.00074
2374 0.05194 0.05874 0.00074
2375 0.05198 0.05879 0.00074
2376 0.05206 0.05889 0.00074
2377 0.05213 0.05896 0.00074
2378 0.05220 0.05905 0.00074
2379 0.05219 0.05903 0.00074
2380 0.05197 0.05879 0.00073
2381 0.05164 0.05842 0.00073
2382 0.05127 0.05799 0.00072
2383 0.05079 0.05746 0.00072
2384 0.05047 0.05709 0.00071
2385 0.05031 0.05691 0.00071
2386 0.05028 0.05688 0.00071
2387 0.05034 0.05695 0.00071
2388 0.05057 0.05720 0.00071
2389 0.05072 0.05737 0.00071
2390 0.05083 0.05750 0.00071
2391 0.05087 0.05755 0.00071
2392 0.05087 0.05755 0.00071
2393 0.05080 0.05747 0.00071
2394 0.05077 0.05743 0.00071
2395 0.05070 0.05736 0.00071
2396 0.05064 0.05729 0.00071
2397 0.05058 0.05723 0.00071
2398 0.05052 0.05716 0.00071
2399 0.05045 0.05707 0.00070
2400 0.05037 0.05698 0.00070
2401 0.05032 0.05693 0.00070
2402 0.05026 0.05686 0.00070
2403 0.05019 0.05678 0.00070
2404 0.05012 0.05671 0.00070
2405 0.05007 0.05665 0.00070
2406 0.04998 0.05655 0.00069
2407 0.04993 0.05649 0.00069
2408 0.04989 0.05645 0.00069
2409 0.04985 0.05640 0.00069
2410 0.04974 0.05628 0.00069
2411 0.04958 0.05610 0.00069
2412 0.04926 0.05573 0.00068
2413 0.04887 0.05529 0.00068
2414 0.04845 0.05482 0.00067
2415 0.04815 0.05448 0.00066
2416 0.04794 0.05425 0.00066
2417 0.04800 0.05432 0.00066
2418 0.04815 0.05448 0.00066
2419 0.04833 0.05468 0.00067
2420 0.04845 0.05482 0.00067
2421 0.04853 0.05492 0.00067
2422 0.04850 0.05488 0.00067
2423 0.04842 0.05479 0.00067
2424 0.04834 0.05471 0.00066
2425 0.04828 0.05463 0.00066
2426 0.04824 0.05458 0.00066
2427 0.04818 0.05452 0.00066
2428 0.04815 0.05449 0.00066
2429 0.04815 0.05449 0.00066
2430 0.04810 0.05443 0.00066
2431 0.04799 0.05431 0.00066
2432 0.04790 0.05421 0.00065
2433 0.04779 0.05408 0.00065
2434 0.04759 0.05386 0.00065
2435 0.04747 0.05372 0.00065
2436 0.04745 0.05369 0.00065
2437 0.04739 0.05363 0.00065
2438 0.04734 0.05358 0.00064
2439 0.04740 0.05365 0.00064
2440 0.04742 0.05367 0.00064
2441 0.04738 0.05362 0.00064
2442 0.04732 0.05356 0.00064
2443 0.04722 0.05344 0.00064
2444 0.04702 0.05322 0.00064
2445 0.04680 0.05297 0.00063
2446 0.04656 0.05269 0.00063
2447 0.04634 0.05245 0.00063
2448 0.04616 0.05224 0.00062
2449 0.04604 0.05211 0.00062
2450 0.04598 0.05204 0.00062
2451 0.04593 0.05198 0.00062
2452 0.04589 0.05195 0.00062
2453 0.04582 0.05186 0.00062
2454 0.04572 0.05175 0.00062
2455 0.04562 0.05164 0.00061
2456 0.04556 0.05157 0.00061
2457 0.04551 0.05152 0.00061
2458 0.04560 0.05162 0.00061
2459 0.04569 0.05172 0.00061
2460 0.04578 0.05182 0.00061
2461 0.04584 0.05189 0.00062
2462 0.04588 0.05193 0.00062
2463 0.04582 0.05186 0.00061
2464 0.04576 0.05179 0.00061
2465 0.04568 0.05171 0.00061
2466 0.04552 0.05153 0.00061
2467 0.04538 0.05137 0.00061
2468 0.04524 0.05121 0.00060
2469 0.04509 0.05104 0.00060
2470 0.04491 0.05084 0.00060
2471 0.04489 0.05082 0.00060
2472 0.04486 0.05078 0.00060
2473 0.04486 0.05078 0.00060
2474 0.04488 0.05080 0.00060
2475 0.04490 0.05083 0.00060
2476 0.04481 0.05073 0.00060
2477 0.04468 0.05058 0.00059
2478 0.04448 0.05035 0.00059
2479 0.04417 0.05000 0.00059
2480 0.04394 0.04974 0.00058
2481 0.04377 0.04955 0.00058
2482 0.04368 0.04946 0.00058
2483 0.04358 0.04934 0.00058
2484 0.04364 0.04941 0.00058
2485 0.04364 0.04941 0.00058
2486 0.04362 0.04938 0.00058
2487 0.04357 0.04933 0.00058
2488 0.04368 0.04946 0.00058
2489 0.04371 0.04949 0.00058
2490 0.04376 0.04955 0.00058
2491 0.04379 0.04958 0.00058
2492 0.04380 0.04959 0.00058
2493 0.04370 0.04948 0.00058
2494 0.04362 0.04939 0.00057
2495 0.04353 0.04929 0.00057
2496 0.04346 0.04921 0.00057
2497 0.04342 0.04916 0.00057
2498 0.04340 0.04914 0.00057
2499 0.04338 0.04912 0.00057
2500 0.04336 0.04910 0.00057
